10000
500
889	163
376	457
61	139
783	360
108	417
638	338
747	144
520	148
764	295
820	389
690	429
534	410
158	244
446	195
168	391
835	246
821	290
120	321
358	167
51	111
70	408
57	260
6	464
967	388
207	463
389	386
690	448
710	318
604	137
6	495
919	187
57	210
416	416
539	164
951	430
260	237
47	339
116	167
298	491
404	370
720	187
917	229
693	457
11	418
858	475
324	141
187	159
663	217
694	484
357	211
317	489
965	300
79	437
834	225
74	214
383	191
492	363
456	328
810	292
162	412
81	473
24	294
968	317
224	110
541	299
723	215
903	193
780	462
499	211
164	108
170	325
625	232
878	156
293	391
731	180
522	332
241	316
869	301
471	143
631	136
122	286
233	164
555	219
447	399
253	244
436	493
620	300
212	145
692	195
522	442
211	111
121	259
413	212
634	420
66	320
636	479
49	129
487	121
911	129
323	273
705	117
406	265
382	484
401	441
721	204
226	268
395	432
817	154
355	249
919	427
383	373
192	286
932	352
301	259
982	423
832	138
674	396
397	227
68	431
960	493
207	168
433	180
935	382
264	102
387	396
53	223
636	356
763	109
471	266
212	180
528	143
594	112
241	259
405	391
245	218
743	302
803	189
143	207
721	291
130	328
692	267
868	328
363	267
591	150
191	326
38	427
858	149
364	334
160	329
309	132
478	343
289	124
113	374
477	249
932	477
910	418
119	190
268	472
950	120
977	324
360	349
384	440
302	184
899	230
833	381
316	478
155	274
914	158
744	163
989	161
653	121
152	453
114	417
296	415
579	123
350	386
168	293
399	319
323	318
806	420
235	475
852	378
939	194
764	204
28	157
809	206
228	130
199	173
136	473
508	354
599	200
516	375
113	301
37	191
451	368
447	232
285	190
225	486
356	362
329	496
28	245
919	440
79	341
166	125
214	246
811	203
77	325
402	391
743	337
879	390
843	318
608	416
539	366
649	435
976	497
573	378
835	464
871	356
667	406
127	281
102	246
956	393
568	169
83	139
897	329
369	101
246	318
670	356
107	322
314	213
542	427
194	413
680	438
857	336
276	131
198	130
641	361
230	430
669	269
343	311
212	353
451	378
823	192
953	326
412	237
624	461
523	243
418	171
768	119
584	342
675	151
516	124
77	185
668	433
287	294
647	500
952	342
377	121
618	498
944	106
705	194
558	316
911	245
698	153
966	378
89	335
661	149
443	413
938	363
328	373
331	383
374	158
779	246
341	344
898	109
673	309
918	402
871	430
707	367
913	478
519	379
140	385
596	189
642	417
986	328
416	369
377	232
618	120
271	125
17	421
601	499
323	153
809	288
631	373
778	113
305	218
786	116
482	248
648	171
376	346
947	323
889	349
720	307
566	414
278	316
200	277
217	167
873	261
275	459
210	200
571	127
147	437
375	350
110	110
617	254
359	228
608	351
784	262
747	161
44	387
151	334
373	497
446	404
7	123
298	155
599	397
527	239
689	496
441	405
195	168
85	222
331	181
962	235
636	347
358	325
345	231
915	421
292	459
302	402
739	198
854	352
819	198
647	464
174	326
863	271
490	462
877	360
924	362
682	420
841	219
898	315
184	202
351	342
990	426
51	357
140	194
94	395
297	362
366	107
609	493
499	246
159	106
864	491
963	146
813	436
414	468
412	372
468	448
363	489
702	355
771	434
822	100
143	365
735	330
119	259
926	375
260	471
454	451
785	227
986	237
469	304
6	443
404	170
592	139
392	470
305	117
463	497
930	449
168	141
538	195
735	430
942	281
145	469
257	397
810	159
426	177
101	391
31	464
348	201
268	106
632	213
966	118
708	301
181	130
576	235
902	483
204	301
332	495
755	201
38	251
10	264
904	346
964	402
778	295
289	429
507	283
209	167
427	196
84	449
981	290
901	117
769	497
415	496
68	120
399	170
265	399
501	185
500	194
619	214
945	312
157	469
479	412
697	409
600	137
349	186
650	135
605	163
899	150
719	225
921	425
568	199
690	107
216	302
9	309
560	403
90	439
396	317
728	405
321	257
43	373
633	294
410	438
339	476
889	348
92	405
456	329
89	259
904	499
855	253
859	284
619	364
174	492
375	231
16	389
102	173
132	389
807	196
575	315
487	285
453	408
771	472
381	195
887	332
838	377
701	275
808	392
218	299
130	296
30	461
298	120
358	185
332	393
703	128
973	213
490	318
18	264
567	491
675	118
226	205
876	385
672	216
984	381
923	469
541	459
83	297
296	209
419	308
539	451
110	464
120	289
442	367
210	368
956	472
304	199
861	376
252	393
427	377
533	323
466	291
681	158
277	302
521	350
177	462
914	425
519	464
929	300
924	420
321	420
150	345
795	100
577	492
638	223
549	225
829	459
14	394
766	120
234	251
32	300
43	443
779	307
584	353
31	380
182	140
51	100
379	494
895	497
515	353
477	440
998	477
947	463
241	428
469	166
642	439
761	390
238	370
864	102
75	244
825	233
53	129
86	135
729	431
413	445
164	398
582	349
991	452
590	468
348	339
400	380
631	182
368	441
328	500
561	211
731	310
829	415
988	274
383	370
134	189
953	237
529	395
40	136
725	158
986	242
870	465
160	340
796	319
67	164
265	149
282	338
176	424
608	156
403	414
198	236
410	305
792	354
275	435
34	179
10	114
959	300
506	116
989	128
375	288
345	133
91	237
822	492
492	319
749	395
934	426
163	202
645	342
294	109
222	350
890	405
225	226
326	258
116	242
333	169
516	434
907	212
124	241
203	263
533	479
62	393
167	490
72	144
406	447
690	139
91	393
654	358
511	468
42	340
312	109
534	125
915	274
591	115
701	191
632	305
50	401
106	170
66	344
196	125
498	145
741	328
491	227
638	261
341	313
837	379
768	381
992	494
107	245
746	304
552	369
445	362
420	262
693	433
299	304
401	314
522	267
960	238
497	325
604	471
675	104
803	428
718	393
342	358
997	114
588	430
962	128
17	156
752	207
896	216
85	294
527	344
442	431
175	417
856	450
598	183
364	143
690	284
526	500
913	436
520	190
199	445
949	327
865	156
480	382
53	486
623	402
879	250
52	202
705	229
918	395
810	375
622	215
253	190
875	242
43	204
341	339
54	316
948	426
731	142
569	210
513	298
564	142
981	456
744	468
390	178
983	288
532	221
456	106
695	202
830	299
103	243
638	429
750	262
801	196
747	216
120	495
769	387
4	257
49	223
628	408
73	452
454	407
684	387
51	212
371	497
488	455
381	395
967	348
363	245
598	411
275	196
685	209
332	351
875	136
772	482
473	244
522	137
109	197
94	289
571	246
148	212
249	233
329	469
114	456
743	361
963	106
113	413
924	461
210	349
322	326
714	154
76	384
957	424
721	406
549	328
227	476
725	339
737	357
329	439
589	291
923	320
215	237
538	113
883	163
913	223
717	425
498	458
187	336
62	267
203	260
464	171
801	392
77	395
736	398
342	338
51	316
439	229
977	171
935	379
720	378
855	114
739	316
5	452
447	221
561	487
772	284
15	405
13	254
180	253
560	455
486	315
903	313
808	139
428	162
658	453
47	287
733	483
726	491
66	110
158	391
531	183
157	210
112	451
849	279
202	408
808	156
830	214
5	443
613	180
961	212
917	310
628	483
751	439
405	499
98	239
540	198
47	210
886	464
330	143
515	139
625	490
552	104
254	143
934	424
901	298
836	346
408	292
483	468
368	412
563	309
284	199
380	369
307	400
357	206
694	123
923	484
243	473
273	417
761	203
672	463
580	112
461	123
918	356
747	100
965	269
843	155
314	255
809	235
107	136
845	140
539	131
692	417
645	168
894	330
345	257
882	369
762	434
469	428
347	277
485	139
368	444
130	127
572	158
559	245
173	348
912	361
736	250
840	153
696	331
162	248
972	349
5	386
985	311
560	396
293	313
208	296
559	437
150	373
601	467
924	370
109	248
951	132
34	245
250	458
44	308
896	222
523	369
42	379
845	372
317	418
317	301
772	140
485	454
39	368
937	303
979	187
278	207
390	285
459	426
408	237
966	284
501	207
269	140
724	238
402	222
589	438
423	406
552	488
74	335
835	108
483	384
741	428
794	346
951	454
56	468
59	232
959	476
186	349
868	445
484	142
628	229
442	318
477	133
740	117
121	205
614	225
766	450
762	145
314	125
109	342
594	281
525	133
343	493
320	216
461	370
35	358
383	357
811	251
658	296
627	429
49	453
817	284
543	443
454	396
981	339
89	489
877	204
781	156
781	159
344	477
475	290
660	136
134	319
509	416
870	123
770	318
580	186
639	290
16	284
524	496
848	416
718	252
268	237
896	141
848	191
685	383
642	457
316	361
879	195
669	318
919	427
719	234
685	205
250	457
713	465
226	191
392	200
377	395
686	116
415	349
614	193
418	428
815	441
945	340
94	482
460	413
694	339
298	277
76	358
504	145
454	490
562	296
893	285
358	227
444	321
492	427
799	339
48	439
455	402
235	124
338	259
633	170
426	403
762	435
422	179
727	103
43	237
81	398
225	381
550	431
716	450
162	194
32	355
769	262
426	245
431	181
61	103
128	185
1	151
689	233
802	199
454	144
862	291
250	420
683	207
523	323
420	298
738	146
57	108
227	388
658	246
71	471
113	335
820	171
856	154
396	261
384	220
715	411
827	262
633	245
192	191
873	457
751	464
427	248
978	229
654	135
852	410
566	497
404	435
367	335
951	123
181	169
261	230
866	422
292	452
486	264
568	303
527	500
963	453
717	157
845	181
644	249
381	137
890	202
989	349
772	135
427	477
81	157
599	471
500	294
670	326
657	310
471	306
653	412
38	344
269	323
858	344
760	210
124	458
167	441
789	393
100	414
115	445
248	238
447	127
627	119
464	419
269	240
741	298
459	415
90	364
574	209
16	196
229	437
598	361
193	440
965	126
721	161
724	117
329	317
88	178
170	256
993	452
317	158
114	174
27	451
531	198
695	454
953	355
356	464
316	127
602	127
328	148
710	132
82	410
606	471
787	379
320	147
731	322
539	234
52	484
60	145
383	251
93	120
150	166
41	107
18	415
448	182
232	126
942	199
765	313
925	434
929	376
369	420
627	348
808	468
31	267
361	124
811	418
94	396
643	411
824	138
170	127
351	458
60	494
471	108
897	251
476	416
330	409
722	247
804	258
552	461
599	288
138	340
343	305
72	386
527	229
367	271
995	266
552	161
317	477
321	488
405	158
667	165
905	231
819	164
308	201
111	426
631	487
149	210
52	172
679	120
704	188
423	409
231	156
280	171
742	310
118	259
903	231
295	277
659	342
669	178
892	356
521	229
173	185
49	225
693	192
27	341
185	449
175	222
19	417
405	193
762	149
695	201
283	278
877	266
535	224
798	285
427	383
695	103
234	200
521	285
743	417
65	281
288	121
286	254
662	405
32	492
357	333
627	245
951	398
438	480
29	345
132	151
556	448
449	369
954	247
741	214
269	295
959	186
521	120
373	365
9	140
737	147
21	330
339	307
803	368
393	179
433	460
319	257
576	263
286	404
932	114
150	214
510	193
699	408
759	127
158	491
280	109
815	223
707	238
105	383
810	295
275	162
660	305
418	454
48	156
441	356
649	155
888	476
845	491
440	196
657	259
86	495
430	426
485	204
377	275
719	342
787	275
752	247
481	272
94	438
395	122
220	459
368	206
648	113
522	430
924	283
397	447
125	220
677	281
445	202
253	164
277	150
201	458
660	179
805	210
648	401
886	191
472	475
819	367
773	316
158	112
817	200
87	102
18	163
267	226
459	394
115	149
207	149
427	264
679	486
560	483
180	246
43	137
983	101
365	297
106	293
60	497
997	133
273	421
912	297
209	170
599	345
639	387
32	201
670	147
820	433
365	108
479	465
735	465
221	133
535	460
599	120
506	346
606	236
67	272
967	455
466	428
951	354
838	122
752	104
802	277
251	405
956	454
39	289
694	492
799	302
123	295
700	268
963	215
905	433
477	408
375	366
17	276
681	395
712	299
514	177
872	150
487	401
489	356
67	409
368	409
982	360
776	189
902	359
138	369
965	413
483	145
966	126
868	464
99	329
493	413
181	457
155	211
75	194
808	447
33	354
51	387
472	451
854	235
353	212
138	471
125	243
871	259
913	301
608	234
455	181
765	226
735	486
840	116
772	270
813	288
331	150
433	130
898	359
901	290
848	163
72	218
897	137
100	429
934	454
146	194
152	157
446	409
541	426
521	388
557	323
358	499
408	483
886	499
780	249
292	329
32	237
942	250
605	248
388	168
433	135
126	455
67	334
476	469
506	267
310	389
702	257
5	273
200	382
208	177
921	115
195	206
216	428
969	293
468	333
938	302
829	168
12	390
764	379
79	248
994	229
753	473
551	475
512	472
686	197
944	282
948	307
182	118
929	255
213	361
72	223
449	152
892	335
604	330
352	385
353	249
807	158
882	121
307	288
221	402
373	348
623	127
239	315
462	202
618	456
859	423
575	195
739	264
448	382
383	236
649	372
243	282
53	185
354	374
399	359
66	265
1	370
707	208
978	203
669	130
924	463
771	400
238	180
260	391
617	192
790	141
856	348
618	112
146	313
216	281
228	262
960	213
569	252
112	392
155	111
644	296
766	277
173	150
323	167
260	376
819	429
37	155
53	500
599	500
680	176
269	299
892	482
721	178
409	365
123	430
665	185
942	231
780	351
318	331
194	121
882	312
677	395
857	474
898	192
902	206
966	220
897	153
518	142
691	489
739	381
276	489
621	200
380	200
744	212
590	216
716	382
563	369
317	117
844	398
854	386
939	429
866	365
750	136
45	182
369	219
243	278
861	138
141	390
52	124
572	249
994	260
541	251
866	498
430	214
591	439
39	302
382	326
576	248
837	253
431	442
370	348
255	101
528	345
62	369
751	354
640	233
590	339
658	184
248	202
244	201
774	294
309	439
941	470
538	285
248	204
839	390
622	370
811	458
612	346
431	246
779	479
477	475
993	382
978	419
393	235
409	117
386	418
383	359
952	250
797	286
984	358
966	107
629	447
602	341
915	426
821	356
550	346
813	170
557	361
424	321
510	321
429	278
931	131
6	165
694	453
312	260
82	295
392	468
828	257
844	239
404	244
330	447
390	291
557	306
922	417
248	203
468	208
161	456
655	289
324	303
2	212
379	479
431	320
751	330
190	316
244	484
460	403
578	256
52	204
125	309
921	235
363	357
389	379
290	215
553	289
536	235
805	294
375	202
412	391
333	140
136	454
460	485
853	159
726	399
279	427
29	287
846	350
754	111
739	126
440	303
501	250
892	179
274	442
317	273
995	162
286	364
314	236
883	167
494	469
176	423
569	241
723	201
732	300
372	406
361	120
511	214
951	292
936	260
697	474
684	167
649	253
768	183
972	226
3	458
397	198
556	300
862	444
532	395
380	300
601	468
834	315
863	204
336	147
667	252
216	366
722	232
311	388
215	217
276	414
633	254
428	271
481	296
467	241
846	336
952	114
522	267
624	316
237	396
399	469
778	336
111	237
610	252
852	119
288	461
348	129
924	419
738	437
637	221
990	189
426	224
295	166
563	448
389	468
235	394
30	208
686	174
564	200
217	103
8	103
587	489
995	288
461	121
815	265
393	488
494	184
5	398
214	480
438	132
205	415
834	357
701	487
749	207
554	370
642	500
48	440
827	485
245	392
710	120
140	133
659	371
462	230
479	309
425	474
256	487
312	260
108	223
518	314
109	283
77	298
202	234
948	248
862	193
626	128
352	381
504	418
311	366
205	483
564	382
784	358
170	263
756	444
397	239
260	308
205	249
876	471
730	155
448	200
351	223
310	231
39	204
743	121
439	266
84	343
234	168
552	423
979	377
975	309
401	130
548	209
690	141
582	384
453	145
354	182
527	119
371	467
958	153
867	234
223	499
664	117
8	285
455	338
175	391
312	124
305	180
501	176
348	103
203	113
279	429
517	362
321	342
257	435
351	193
849	310
566	148
359	207
990	475
122	155
414	439
17	489
299	257
607	206
147	204
82	395
236	460
125	369
739	186
529	193
753	412
141	236
946	274
511	190
724	189
352	301
828	258
723	124
839	245
481	231
836	382
528	223
126	406
394	365
127	490
509	438
238	242
835	312
358	150
971	293
348	254
772	463
434	115
161	184
60	448
746	221
76	375
673	296
575	380
754	366
242	447
56	348
3	170
852	484
465	126
234	311
718	219
399	428
925	138
534	201
171	322
65	457
41	283
626	100
566	303
170	392
946	296
659	142
215	159
79	405
1000	200
529	281
123	356
564	217
366	237
403	272
874	340
728	322
794	351
187	494
258	136
500	496
4	277
627	188
779	172
485	364
32	266
73	186
947	116
429	102
212	457
789	471
150	491
644	134
78	165
973	175
761	413
266	389
840	356
320	391
489	475
492	136
624	376
703	353
962	163
2	373
158	214
697	269
99	177
659	226
903	284
174	222
926	258
986	300
946	125
927	328
901	279
691	476
800	172
679	439
162	326
981	177
420	261
365	469
191	278
91	282
280	460
281	492
287	120
574	448
572	413
842	116
497	427
573	370
288	244
237	111
154	302
379	364
879	146
420	264
861	454
372	131
969	328
381	398
774	171
815	284
746	443
532	119
197	464
916	168
115	494
655	431
737	131
698	469
668	113
462	357
504	111
292	377
78	340
276	474
199	272
234	383
244	465
51	458
654	358
212	494
365	259
159	115
332	479
920	208
504	251
413	226
148	223
287	207
900	474
900	196
245	286
762	362
652	192
970	253
893	156
393	222
221	236
78	123
817	217
687	126
891	433
140	152
49	117
676	475
520	223
956	332
425	231
993	473
18	478
801	111
572	235
884	254
278	344
631	299
324	244
53	363
588	353
363	261
287	338
706	419
606	213
826	324
193	134
517	182
496	261
786	174
505	420
120	230
480	328
688	207
17	130
196	471
454	217
112	275
265	489
283	497
349	358
584	355
96	393
622	161
868	180
140	336
262	134
160	323
56	316
332	334
679	316
785	446
234	494
839	291
980	380
378	192
327	350
533	126
684	116
434	212
115	216
351	462
103	259
231	413
67	118
166	139
848	483
70	414
40	129
676	303
860	126
590	379
46	198
725	181
510	175
558	192
671	150
695	226
155	344
537	296
912	315
19	214
133	285
569	388
152	284
678	457
936	222
38	250
34	283
961	472
587	326
441	460
426	142
812	119
912	492
664	164
759	447
53	118
948	239
108	186
418	431
172	321
641	204
9	188
324	251
654	339
502	435
256	186
82	202
985	380
818	265
743	332
92	457
815	167
418	152
76	271
564	231
893	205
423	468
751	480
465	380
797	306
665	180
710	182
554	358
897	326
370	474
286	470
766	174
806	405
34	404
869	381
893	250
667	244
656	392
412	158
728	126
833	197
53	247
403	413
883	350
47	408
211	145
858	163
753	172
739	134
905	440
132	245
363	440
901	443
838	208
701	270
663	120
429	375
698	485
445	212
844	483
60	402
722	385
663	490
955	372
966	221
422	471
425	297
296	403
590	414
169	118
923	322
576	354
335	460
360	210
119	444
470	347
855	385
159	148
939	475
514	466
895	140
244	130
80	127
876	466
195	430
727	485
280	169
93	167
124	289
497	377
809	257
652	428
243	184
759	492
891	231
234	427
821	366
304	191
253	458
569	136
658	122
858	338
844	181
402	314
979	365
948	241
78	219
369	415
285	142
747	384
259	470
783	352
621	131
638	256
471	259
467	118
602	256
90	311
729	462
879	227
572	148
390	416
45	140
662	242
290	212
727	420
678	263
73	359
660	162
439	259
263	322
219	365
220	303
368	440
395	396
45	413
646	405
996	113
44	192
952	337
729	289
483	448
43	147
237	332
969	209
462	172
848	366
166	359
358	393
13	345
216	332
487	303
123	292
735	444
717	436
556	193
978	375
678	243
566	459
127	407
300	277
556	216
611	405
735	205
256	230
70	418
976	128
83	251
848	134
48	268
686	443
367	399
75	449
493	413
7	234
2	147
511	411
288	439
127	174
452	433
530	426
749	436
263	374
326	494
403	286
344	488
634	123
279	271
963	238
684	159
382	425
986	317
489	171
650	203
125	306
192	276
796	136
241	236
810	170
572	471
140	157
502	141
797	118
718	216
458	125
100	109
248	158
528	100
240	219
870	436
492	106
466	135
222	121
87	113
997	414
325	350
41	150
45	425
562	330
28	215
700	265
797	194
195	469
663	462
134	131
209	426
167	132
412	464
231	461
631	469
966	261
840	297
19	232
381	454
834	206
236	407
576	138
267	344
276	233
389	388
356	332
656	441
716	136
948	314
753	267
505	278
142	446
269	142
739	218
136	456
514	442
183	256
993	454
16	112
801	153
609	229
970	227
30	266
771	395
461	428
619	459
136	334
762	351
942	247
564	287
209	380
795	330
237	326
946	143
122	448
81	469
601	170
662	219
2	496
936	189
546	405
890	448
887	108
704	143
733	196
344	299
802	368
955	450
374	343
975	410
974	213
524	425
370	471
368	385
144	483
40	115
270	263
15	447
158	445
712	430
828	443
611	225
562	323
58	343
941	439
618	329
523	334
623	337
372	229
566	352
556	312
981	244
975	224
912	234
240	246
674	401
279	313
825	404
226	299
168	480
574	348
837	297
826	208
940	190
183	280
831	202
164	269
918	441
175	134
703	136
38	457
723	490
628	313
309	211
984	328
713	331
231	260
847	154
201	258
293	453
593	476
585	327
209	469
814	205
112	280
437	481
897	237
901	204
823	322
216	322
524	415
28	134
266	465
763	454
181	168
703	401
737	266
522	337
909	137
278	119
710	113
893	434
610	374
275	363
879	290
266	399
760	187
539	188
966	113
967	164
831	440
672	480
828	459
40	145
613	214
989	259
678	432
653	128
976	156
885	282
956	350
621	486
339	334
339	464
160	136
878	100
755	169
500	395
874	432
301	355
442	103
518	191
967	329
371	306
45	302
178	277
725	110
225	214
962	254
80	403
475	349
551	115
421	195
430	155
36	408
665	272
927	128
928	266
424	329
119	268
964	393
9	466
109	444
846	186
704	297
130	122
826	444
951	390
66	172
38	212
915	144
522	177
323	156
371	322
760	352
468	115
878	327
799	352
405	429
248	317
260	128
481	290
849	377
417	427
77	289
483	360
903	384
871	434
686	183
927	381
305	337
212	380
743	184
652	169
131	114
48	312
469	129
703	118
371	321
243	187
978	212
103	411
412	374
420	206
42	115
220	360
780	259
892	223
24	230
655	305
61	245
428	265
920	213
397	500
612	233
579	156
919	317
152	196
119	254
104	127
102	358
207	268
842	463
426	340
226	167
291	232
941	173
435	278
680	452
700	437
298	285
951	275
552	425
360	137
725	106
692	139
341	283
396	385
586	343
614	403
143	113
371	277
168	208
814	319
840	285
992	325
791	231
261	493
501	382
837	330
165	324
522	266
646	304
23	445
105	218
745	166
187	310
566	469
347	368
159	132
655	398
53	310
49	469
112	311
808	363
53	475
437	129
576	432
11	297
337	325
569	427
164	456
366	237
787	330
627	356
272	424
107	157
222	170
76	112
270	239
453	331
420	202
571	340
906	179
776	337
304	450
428	154
730	483
111	293
446	136
880	323
555	109
609	312
68	482
359	234
339	303
84	277
259	476
782	102
254	263
889	187
573	486
927	106
698	387
215	164
775	145
441	316
928	468
556	113
289	199
878	432
493	269
407	410
442	177
335	117
787	355
706	463
271	153
402	482
149	292
70	109
587	147
177	314
394	295
233	471
383	369
916	306
380	197
77	151
264	428
801	184
399	337
580	237
791	434
364	427
118	174
925	402
350	124
134	288
325	435
366	482
74	399
488	481
621	459
279	299
405	336
78	243
22	239
65	342
766	114
629	407
386	209
670	497
962	467
976	292
320	416
750	354
504	354
175	423
495	347
686	406
445	348
284	429
259	331
856	398
753	468
632	436
889	419
564	282
796	365
149	490
302	102
375	431
412	399
618	373
924	437
521	427
688	443
156	459
42	224
439	184
425	121
643	370
75	381
271	287
686	450
868	358
252	377
201	153
615	178
440	274
744	292
56	253
628	256
536	381
579	186
128	125
145	350
789	141
713	114
691	183
897	346
889	435
783	184
575	165
647	443
481	292
895	176
944	415
451	238
876	408
339	224
605	221
929	330
73	202
884	297
9	220
811	440
672	257
478	493
451	124
928	442
703	411
472	291
858	424
265	323
542	421
872	210
583	233
510	188
44	246
513	155
955	372
571	408
356	476
393	432
295	433
345	300
636	340
783	161
121	166
555	395
664	262
268	469
976	457
127	389
457	346
218	281
19	320
595	144
812	135
173	141
666	101
258	436
571	289
896	426
346	332
264	109
944	281
436	195
618	180
439	100
509	152
906	131
150	108
329	337
92	366
11	149
267	286
228	335
432	353
949	333
478	145
665	328
811	220
50	430
720	178
768	430
406	351
825	288
809	390
125	379
312	122
249	233
72	320
491	152
386	491
936	271
925	169
365	151
413	273
657	191
289	279
99	464
214	270
105	475
251	347
743	327
412	209
873	327
294	490
266	452
688	310
242	363
873	127
640	448
196	353
701	277
82	194
25	420
526	310
702	274
520	311
24	182
465	249
993	256
278	410
477	439
723	262
333	328
73	263
908	369
979	235
195	183
611	159
263	345
995	108
133	439
270	141
256	227
524	151
252	329
926	438
635	115
907	241
655	394
343	414
894	496
464	301
104	253
66	136
590	236
696	256
829	169
409	169
575	499
782	314
258	440
136	211
330	125
913	227
513	439
318	436
276	453
217	437
578	235
252	119
146	253
145	255
299	308
401	272
130	292
483	189
622	462
578	347
816	189
945	210
728	239
20	343
111	342
319	318
226	123
79	476
455	181
706	463
639	174
913	423
330	167
152	306
896	475
332	175
36	296
621	409
936	257
27	192
946	478
465	476
715	260
813	278
161	305
494	249
21	148
947	144
835	150
456	236
708	424
428	243
851	284
563	389
359	161
279	465
885	317
325	442
213	346
585	156
995	422
256	231
264	434
996	273
439	101
605	129
173	430
280	422
666	108
577	144
463	266
298	381
173	294
702	368
776	151
462	287
570	264
93	326
307	307
604	278
164	182
486	330
410	184
336	128
504	206
246	115
283	318
247	310
874	104
293	169
866	309
444	447
819	377
604	210
344	250
136	293
424	268
903	283
723	158
468	494
816	314
417	192
994	400
21	138
871	241
843	260
631	421
882	340
507	428
567	187
904	419
680	248
793	154
965	119
891	334
802	172
916	146
232	114
398	241
421	158
214	207
230	183
714	487
295	447
148	127
710	427
940	411
655	279
992	111
561	248
257	375
76	369
700	440
32	443
389	152
791	185
423	235
25	145
227	219
92	320
611	310
554	237
496	329
463	164
421	145
892	328
867	444
216	164
648	350
294	465
354	209
155	328
279	273
222	173
3	214
556	205
317	267
74	190
601	145
7	444
932	314
645	314
728	417
362	360
421	370
287	198
667	200
754	274
991	429
95	195
716	401
799	270
688	360
397	160
638	405
188	333
817	376
252	189
457	481
278	103
444	238
91	426
12	172
349	193
600	331
836	458
919	277
107	101
72	324
661	360
649	340
109	357
52	121
483	288
347	458
696	125
453	196
194	184
520	207
465	120
607	345
594	479
181	472
269	361
211	319
23	271
766	375
240	313
868	348
685	242
213	268
920	489
421	267
465	295
581	120
106	494
737	146
851	472
145	187
924	219
215	481
107	414
176	439
353	308
844	284
428	495
331	182
951	416
785	170
914	123
693	178
31	245
350	356
490	120
319	321
816	231
853	422
89	466
630	284
378	486
10	467
438	375
272	127
146	223
695	423
440	296
816	308
157	488
65	256
240	437
862	303
132	450
102	344
788	385
2	458
729	119
801	378
826	352
692	427
60	471
810	398
94	338
18	481
954	209
412	170
461	264
276	277
54	155
836	466
860	356
387	252
731	102
231	443
188	275
681	235
721	146
181	399
341	290
566	136
944	472
32	453
878	469
603	217
928	197
28	423
640	230
441	109
906	151
489	144
453	394
915	186
600	385
731	132
452	262
570	395
93	295
242	350
73	134
921	356
212	393
480	227
141	390
751	276
568	354
723	358
761	343
269	285
723	333
894	172
5	226
487	443
913	403
339	289
250	495
530	197
312	404
910	241
583	173
211	442
432	359
975	496
864	489
126	119
51	444
731	297
893	383
814	241
934	244
85	453
240	109
793	137
566	268
847	120
169	307
589	482
285	256
130	278
289	112
604	136
134	470
286	109
105	101
928	168
301	347
557	165
661	221
334	190
614	360
641	380
960	262
5	119
200	309
833	273
791	311
147	112
700	459
64	114
698	221
646	391
287	437
325	358
218	181
977	194
863	237
476	233
232	306
42	230
429	482
427	347
442	129
344	463
362	157
874	433
213	277
905	148
97	160
127	136
387	470
780	210
935	315
317	319
479	463
130	148
557	414
813	453
935	235
576	304
34	180
930	435
381	123
835	353
751	229
976	204
961	270
898	380
648	294
561	320
822	407
705	416
264	302
526	397
467	270
414	355
167	340
777	425
205	235
486	103
262	234
971	187
448	494
460	229
583	218
688	461
887	316
999	456
219	248
924	133
996	365
962	315
192	233
590	184
650	486
336	284
589	359
331	462
882	168
810	103
539	262
157	420
942	444
95	467
763	238
750	185
961	256
803	186
213	172
865	185
852	191
636	327
183	407
440	407
13	121
946	192
875	465
539	271
866	136
977	283
760	331
730	487
975	282
557	307
481	332
663	231
149	408
22	329
429	477
481	389
621	495
450	366
94	374
784	470
579	230
705	207
978	279
901	106
669	202
997	138
423	278
163	437
488	183
636	312
847	404
207	203
390	474
358	140
654	382
152	347
878	360
361	307
274	285
657	153
328	142
222	342
355	138
467	383
298	480
302	217
546	351
373	236
868	199
320	165
422	278
715	473
680	467
67	199
17	446
755	277
913	274
15	481
881	123
472	166
731	287
980	416
525	388
997	375
224	165
426	433
934	441
472	432
316	298
217	259
244	311
377	434
314	326
268	273
323	269
210	160
699	263
165	382
974	361
229	127
856	269
944	238
812	453
635	232
999	461
14	104
801	343
632	151
89	254
758	366
114	243
963	418
150	430
30	296
14	310
269	159
113	151
389	355
131	222
315	371
416	348
41	356
423	260
285	485
204	139
262	358
644	224
111	278
726	133
61	449
492	263
835	481
296	468
989	401
802	295
48	341
329	253
854	267
472	368
8	411
728	413
733	374
417	497
947	392
894	218
996	455
535	473
324	372
282	187
811	478
97	337
7	408
426	499
295	288
445	496
643	153
595	100
551	102
354	480
595	298
920	110
798	205
388	290
238	379
594	344
776	386
664	440
336	240
256	401
905	156
868	424
535	186
429	443
965	459
685	496
228	436
352	181
63	459
232	343
185	351
670	438
50	101
417	136
651	146
947	393
724	358
854	251
713	116
574	248
65	405
595	380
282	159
330	166
53	402
334	334
295	225
980	359
320	312
449	241
736	467
279	499
323	310
721	397
390	401
865	156
860	122
702	290
971	329
562	434
496	268
248	327
957	444
969	152
325	240
688	480
297	105
660	114
125	301
725	446
786	396
800	431
197	214
931	390
703	292
77	332
883	273
248	134
610	139
742	352
909	163
401	128
462	134
448	249
415	474
85	347
626	414
937	409
183	218
182	473
185	326
215	464
341	222
148	197
275	436
422	416
953	378
366	155
143	338
441	175
311	223
721	195
629	112
629	230
330	396
901	388
254	122
907	182
687	477
225	389
711	269
476	366
437	364
482	154
297	200
479	418
85	406
40	335
732	106
266	197
812	273
260	270
409	347
647	279
705	441
307	278
771	373
878	219
184	267
718	106
550	359
914	167
197	394
672	275
787	500
780	109
460	445
267	123
807	430
300	165
382	218
712	247
292	482
950	319
594	259
859	211
995	411
295	422
839	463
559	465
969	212
190	494
694	244
409	447
702	422
343	309
815	304
978	232
568	493
289	144
528	214
773	440
64	155
953	370
834	378
601	457
523	125
936	445
194	174
635	408
760	328
134	316
546	311
755	245
119	124
306	208
319	289
850	239
309	325
770	187
834	372
903	450
605	418
65	435
240	250
172	441
565	402
392	336
532	456
49	407
362	375
361	361
623	307
875	333
427	346
632	271
282	299
525	134
298	491
770	280
434	410
579	405
756	457
518	283
636	251
458	286
368	409
233	431
700	325
284	195
320	168
55	310
185	236
315	432
387	225
64	482
147	133
75	315
756	452
320	324
401	302
644	340
110	326
498	382
336	214
811	430
815	295
787	367
567	203
488	470
893	483
57	173
484	215
360	470
384	456
611	370
193	287
764	471
839	468
528	464
952	284
180	404
967	378
682	121
181	141
960	270
176	485
535	360
176	285
70	417
458	123
57	392
29	235
643	260
832	252
187	229
845	108
802	285
290	459
970	196
477	216
861	200
996	143
471	313
277	367
759	475
114	312
328	162
989	180
632	167
627	101
190	404
656	251
731	139
472	171
551	401
397	312
287	132
210	451
525	268
60	488
616	423
387	256
945	482
904	369
70	185
105	100
124	404
659	182
989	343
209	275
699	226
578	433
766	374
402	355
371	387
56	343
452	279
247	244
759	144
936	137
934	411
722	368
65	289
137	299
780	484
893	205
495	220
788	218
436	445
93	232
362	361
744	264
486	468
392	106
512	142
397	110
485	459
713	275
232	375
239	200
122	285
601	460
916	283
867	240
567	429
885	251
753	179
843	270
263	172
354	285
321	216
39	405
510	467
287	348
253	361
808	488
18	156
49	302
708	238
467	254
441	143
337	335
533	139
30	182
162	271
747	159
347	436
120	279
701	475
19	166
771	325
617	432
82	230
127	377
51	391
849	437
149	373
237	154
467	221
400	228
249	214
750	184
524	305
482	377
200	309
43	149
332	204
172	198
564	416
809	319
500	460
437	171
342	440
710	311
4	351
91	169
728	133
474	228
80	295
791	208
371	436
620	232
149	314
708	181
827	206
380	363
173	207
901	375
317	458
628	174
181	202
581	255
385	216
114	369
656	253
592	478
293	418
187	340
895	203
508	216
764	463
753	480
265	401
762	498
224	319
379	167
991	318
602	181
659	355
199	449
57	124
824	258
422	141
88	304
740	179
443	168
663	271
230	314
893	388
712	398
78	112
879	129
170	170
271	199
737	415
888	459
323	344
254	192
876	103
352	367
666	455
197	408
152	335
614	417
676	116
660	118
492	271
72	275
224	206
275	495
573	120
987	104
667	206
676	253
490	159
804	382
240	449
629	337
172	102
420	251
353	359
251	480
940	161
57	371
746	186
598	157
582	257
592	206
665	334
579	459
256	437
79	477
104	498
173	146
143	421
867	160
717	406
524	298
116	439
153	389
810	337
149	107
474	412
428	477
965	484
483	434
737	293
403	177
876	149
399	196
28	383
64	145
506	317
998	157
913	203
95	417
876	355
772	478
265	198
326	358
208	429
637	200
35	450
946	212
97	227
783	348
989	373
39	281
416	283
248	462
955	289
773	227
55	488
915	428
965	101
779	146
369	411
185	323
998	248
911	219
740	124
402	340
13	318
484	465
426	214
336	214
687	378
362	436
961	135
807	380
125	439
974	399
149	500
916	257
595	329
20	291
822	411
788	134
765	300
810	284
196	417
19	428
488	420
158	210
881	418
545	378
773	263
460	471
272	298
375	420
597	247
680	220
622	363
35	147
385	334
522	375
360	494
836	357
925	132
821	432
994	311
839	144
229	480
568	347
275	171
485	303
3	361
882	328
695	109
282	266
650	486
221	453
455	241
144	278
712	496
55	426
571	340
62	321
375	228
393	445
472	254
443	418
309	197
532	425
95	448
928	446
951	333
887	124
769	180
656	495
248	447
604	308
144	496
884	481
986	449
165	122
638	457
231	272
141	275
461	278
169	109
165	466
341	184
558	168
476	173
894	285
767	439
270	178
272	313
626	408
401	457
81	220
86	367
554	470
227	226
259	331
924	486
594	326
98	207
542	397
632	394
147	104
869	305
311	358
89	382
463	202
487	144
229	342
933	264
71	267
64	332
286	262
545	246
572	166
263	437
147	334
532	267
662	140
709	410
665	247
517	119
593	369
186	444
709	108
702	328
298	401
101	216
297	418
568	326
398	118
538	452
473	395
232	326
528	114
188	487
741	250
465	423
806	180
359	179
752	279
40	211
852	497
428	290
335	400
36	365
851	363
776	171
238	147
860	325
242	495
777	236
607	120
132	385
748	105
379	467
788	115
866	380
399	182
548	218
30	340
694	286
832	264
563	179
314	188
547	273
544	390
37	153
682	427
838	203
86	167
910	233
411	171
929	458
274	323
621	498
348	433
626	311
800	269
964	299
484	367
178	105
405	444
990	166
528	407
166	357
573	303
891	137
921	451
76	277
965	326
445	405
5	281
438	329
280	315
273	126
83	387
661	366
732	413
160	168
923	384
503	136
37	463
301	447
287	263
39	410
426	440
969	350
989	214
239	288
786	481
287	150
711	273
41	374
195	192
470	384
550	124
876	193
16	151
61	317
662	136
312	258
383	379
108	135
626	263
571	388
144	247
467	472
556	253
894	441
131	217
46	382
287	395
664	396
740	266
370	380
727	483
41	296
970	290
797	499
778	368
56	142
791	361
939	137
845	477
518	460
101	390
852	449
188	169
438	371
179	129
895	376
835	284
302	217
239	232
349	476
390	188
604	185
176	176
843	342
90	109
20	190
893	278
48	361
617	454
417	217
145	162
650	228
376	318
937	198
94	483
900	298
325	367
310	480
997	123
399	295
695	211
145	407
260	425
568	156
475	422
652	282
235	359
981	196
899	500
286	286
868	251
465	109
214	375
812	455
726	487
955	288
208	293
172	330
166	186
452	225
167	209
578	449
894	247
263	228
290	326
340	269
2	120
914	153
958	158
49	204
973	189
897	227
713	316
485	440
834	413
134	425
115	142
40	426
486	313
662	413
941	328
805	453
961	385
69	474
955	310
742	358
576	113
818	259
87	166
925	437
191	137
833	112
487	211
505	374
186	424
444	416
117	385
565	296
61	245
400	377
126	129
721	165
333	442
82	247
257	453
175	354
291	165
213	344
675	168
938	214
71	114
166	144
358	490
419	251
862	320
837	394
455	294
774	199
505	483
106	400
640	495
440	321
972	296
189	160
956	472
513	423
612	331
385	173
641	480
416	281
722	391
53	253
882	230
878	235
67	117
808	442
108	209
573	376
490	426
312	463
536	433
946	293
476	333
173	250
384	189
451	371
499	330
728	174
969	378
400	207
67	157
683	306
806	146
353	306
327	121
538	412
309	278
752	304
223	340
634	127
88	222
903	165
440	474
930	194
522	352
272	425
772	377
684	171
781	371
284	347
950	341
866	153
533	277
938	228
764	436
24	477
488	476
205	425
170	106
910	247
873	469
814	468
823	311
256	479
975	258
577	494
496	156
762	291
223	252
812	153
342	155
910	247
960	131
170	383
957	427
744	286
426	307
160	273
668	195
315	168
533	105
906	471
398	234
971	263
755	170
824	370
97	415
187	297
374	368
363	470
350	289
852	314
924	180
353	324
547	186
955	467
939	413
477	297
141	313
444	462
247	209
342	334
122	177
132	461
331	435
327	152
489	379
117	417
700	203
971	311
161	436
733	168
98	437
585	214
702	159
886	386
620	268
6	403
828	118
9	311
641	358
185	296
282	500
212	209
197	141
641	480
76	246
843	403
981	324
141	215
388	308
635	112
483	427
643	166
457	310
841	146
918	332
807	323
629	374
843	475
155	198
609	324
506	490
441	492
217	375
669	199
262	254
355	452
529	373
570	376
51	395
590	312
356	300
356	458
719	449
710	129
449	306
638	482
249	358
796	276
86	493
466	264
693	165
966	197
73	419
562	276
948	290
978	193
948	495
981	181
448	149
298	380
151	451
956	315
888	345
908	370
832	250
530	476
174	473
543	209
524	244
33	191
980	247
765	410
797	228
56	444
389	145
126	192
249	158
306	338
488	137
682	102
878	347
218	135
964	181
153	279
568	352
10	387
631	430
123	203
509	477
296	335
246	336
307	316
16	356
17	343
987	151
189	349
808	154
376	384
549	101
277	155
40	244
562	151
32	138
899	197
542	337
652	356
58	402
553	499
480	208
418	354
602	344
976	340
127	487
897	314
979	259
549	217
404	307
147	107
277	230
762	348
233	261
497	374
799	154
421	203
297	403
532	268
316	433
667	282
784	137
65	270
38	318
490	107
540	213
882	216
493	277
978	362
91	205
541	427
904	115
534	421
659	342
614	322
984	167
894	266
169	431
545	212
554	307
735	299
188	140
66	385
477	157
767	487
893	356
733	206
126	221
788	277
391	244
225	148
522	311
361	355
597	386
711	102
508	401
229	124
206	292
983	314
483	144
600	287
451	361
84	222
527	292
871	164
727	388
106	158
970	394
28	293
285	269
201	418
930	424
925	408
919	243
294	169
153	267
546	344
870	228
559	435
294	174
767	114
164	445
503	405
279	433
532	197
393	104
950	336
404	134
649	425
209	488
701	261
991	127
460	261
667	349
529	252
35	233
700	498
444	367
386	126
528	330
875	359
828	262
703	308
492	443
792	372
190	150
411	268
114	417
48	137
897	107
649	378
959	107
845	211
240	480
88	258
402	222
392	254
269	272
882	141
339	181
165	194
204	500
513	298
903	346
984	130
785	185
277	153
414	151
593	454
579	279
723	133
290	234
490	444
584	473
780	450
508	428
608	399
952	472
413	476
856	397
420	352
347	398
788	115
196	207
364	127
908	411
740	218
397	338
19	257
656	224
944	259
340	105
516	109
378	255
672	263
914	352
141	259
742	129
312	146
676	451
799	304
591	331
419	286
565	297
614	408
627	290
791	396
748	335
837	123
86	385
401	181
632	213
44	425
332	227
34	137
765	219
378	311
731	411
640	500
378	310
314	262
937	443
955	253
207	123
283	125
31	490
357	112
546	291
975	120
237	233
787	400
489	242
6	135
450	211
210	309
634	264
304	257
502	306
147	304
137	228
960	420
221	242
523	161
340	362
385	427
762	467
695	140
901	322
415	340
217	440
566	185
531	130
400	161
995	121
654	387
729	112
910	180
350	126
764	265
517	497
833	390
748	122
730	112
52	409
177	273
236	411
241	383
870	488
528	159
628	392
8	389
492	172
461	264
176	488
270	463
759	151
110	206
30	438
551	390
910	326
909	439
628	214
581	223
804	288
843	466
729	494
579	373
559	189
680	203
132	189
524	308
799	246
637	105
444	115
626	244
269	178
688	200
139	335
226	149
662	345
542	151
694	368
491	426
431	339
365	301
522	384
763	421
664	317
978	269
627	434
557	482
566	391
762	252
901	300
673	325
911	372
576	381
819	318
155	325
963	498
500	283
655	229
5	141
65	202
573	341
159	132
643	375
540	488
208	461
757	202
95	362
602	191
953	464
424	189
576	402
885	329
909	220
31	211
569	454
958	277
125	264
873	406
368	371
601	179
713	206
426	288
450	410
345	299
967	444
712	490
656	154
104	153
763	163
858	407
893	168
931	490
479	105
199	315
127	407
154	249
392	199
310	463
536	203
832	478
647	333
883	496
288	389
154	209
431	482
186	304
722	389
33	482
573	491
59	485
543	398
109	336
196	280
327	179
422	167
826	265
321	254
871	145
69	207
638	220
90	411
905	206
342	445
570	281
349	321
241	264
598	128
415	184
534	455
347	356
997	168
404	366
97	329
968	253
386	104
13	309
182	462
986	256
86	252
585	426
831	130
207	212
294	194
764	445
888	124
236	129
575	434
374	401
166	261
407	407
853	295
172	150
819	496
262	194
173	496
317	423
707	453
25	342
770	349
919	145
780	431
188	256
29	468
475	265
369	388
354	417
945	161
237	320
539	381
943	438
21	298
377	261
669	125
539	459
139	412
502	125
139	439
35	299
949	184
904	444
88	409
922	150
646	455
652	188
841	203
18	448
437	330
554	320
137	319
157	455
363	147
873	114
85	495
123	111
910	251
281	151
404	293
506	188
224	255
715	145
497	319
634	114
904	117
101	316
119	404
668	445
177	194
300	446
409	303
650	421
960	111
39	313
522	199
188	458
497	187
357	307
529	418
112	428
157	387
216	421
858	437
733	296
589	204
968	386
511	364
767	289
212	473
126	480
985	289
989	342
54	397
751	162
810	255
668	281
231	499
355	267
183	256
412	237
682	209
493	263
186	269
159	286
295	493
634	252
134	125
981	102
711	456
188	123
949	126
220	413
794	176
838	227
970	243
444	352
334	377
913	391
400	392
260	459
875	162
923	498
440	270
684	351
735	108
137	130
455	158
639	350
563	226
356	474
40	162
599	469
120	485
642	139
631	358
89	147
335	451
131	175
626	479
237	436
70	114
395	138
13	346
570	322
5	360
125	179
658	330
869	218
466	235
740	347
317	396
712	373
963	429
447	232
754	298
602	330
288	242
12	443
449	144
572	326
609	150
663	155
769	314
897	149
531	297
390	500
790	349
975	386
82	195
372	374
694	269
682	161
615	262
732	394
930	211
101	480
806	228
981	431
898	489
254	152
763	273
403	101
598	478
792	440
674	296
591	428
403	106
386	449
68	124
501	291
37	125
584	224
34	378
869	236
361	365
957	397
823	265
636	222
574	103
973	280
350	210
639	105
369	181
929	416
554	107
765	246
567	208
284	334
315	239
101	434
477	217
693	225
260	177
244	440
964	147
390	210
239	148
705	373
100	493
705	168
767	216
700	193
272	154
568	206
356	175
451	448
591	373
3	312
825	495
172	158
162	121
708	286
583	373
312	287
446	218
338	154
616	251
306	113
772	476
269	414
111	460
367	287
530	389
774	145
488	480
725	484
567	153
408	240
176	277
672	263
852	460
739	344
339	224
230	169
763	316
876	242
160	182
595	489
353	125
745	353
914	240
825	323
300	337
350	164
943	352
142	165
248	235
959	403
63	216
862	370
184	428
499	100
79	447
419	316
613	442
103	455
631	309
591	413
673	182
504	150
658	221
901	168
623	382
245	359
977	152
671	479
955	407
699	308
54	462
862	293
491	417
939	369
14	483
812	338
421	259
383	251
12	232
744	387
747	421
193	469
696	440
657	370
932	344
145	237
209	447
198	346
390	133
54	340
526	334
798	106
313	387
226	156
384	357
901	206
50	269
1000	252
425	365
564	351
161	172
401	186
645	386
973	413
630	500
53	319
102	121
139	197
650	393
302	338
374	364
59	298
165	461
155	465
695	407
393	440
800	227
835	350
18	184
426	232
166	325
610	308
655	438
856	296
932	426
906	356
420	395
659	268
850	149
629	459
814	165
544	279
594	166
739	415
741	268
138	340
182	337
452	139
480	141
506	195
145	432
376	275
373	125
854	453
982	266
456	206
1	240
377	222
468	410
903	349
201	350
174	139
241	369
638	381
275	243
303	266
700	314
631	356
808	190
455	140
155	197
695	440
332	451
182	252
689	402
799	478
911	414
912	330
613	153
167	231
300	425
493	411
202	118
647	333
879	177
845	239
679	294
79	388
991	231
126	365
355	367
859	420
620	391
777	263
840	445
533	169
962	381
441	136
259	448
317	346
720	154
36	155
218	391
297	198
140	355
989	111
692	169
942	138
993	422
932	293
694	375
762	460
326	129
605	422
712	216
501	493
608	372
242	185
369	402
434	377
625	115
401	381
271	271
105	389
389	142
937	476
875	458
590	169
556	145
715	240
42	207
725	169
43	492
662	465
478	373
413	495
616	381
234	404
915	490
715	380
473	105
884	485
460	288
195	147
827	359
68	236
946	256
5	470
940	121
953	135
867	399
583	288
260	286
584	122
569	419
866	482
575	275
931	199
950	259
945	115
395	190
117	443
180	170
278	412
819	434
533	299
136	243
236	298
135	494
671	274
486	416
614	366
204	168
83	335
18	393
701	156
441	391
404	405
200	223
704	342
38	184
371	318
489	448
606	371
974	106
207	436
35	390
568	106
715	496
470	373
806	308
814	398
928	438
405	282
159	486
928	406
206	182
241	281
239	372
512	116
538	262
773	488
462	437
73	189
476	207
640	168
938	463
31	322
716	280
760	355
764	250
976	395
139	261
487	486
346	497
160	225
543	421
964	315
892	321
968	486
211	156
862	327
736	377
150	230
51	176
922	338
72	296
733	137
871	438
927	228
269	151
297	488
952	129
174	351
98	404
872	287
883	490
519	358
467	129
307	109
313	249
982	102
750	468
811	451
350	306
46	416
986	138
986	208
66	276
292	173
528	303
802	324
690	133
436	232
197	314
291	295
294	465
723	481
368	208
635	348
916	110
941	370
849	150
531	148
732	296
880	464
488	130
132	381
166	473
557	249
242	433
927	198
489	154
687	427
923	131
543	368
144	168
813	241
216	302
317	110
906	401
641	425
287	424
326	103
479	280
5	253
507	443
85	212
308	304
523	302
506	397
278	264
780	486
281	403
866	474
366	162
133	275
857	177
575	292
854	348
205	486
985	381
848	170
15	132
637	120
288	185
973	353
897	227
226	408
424	396
430	105
736	396
27	481
687	498
302	119
672	129
164	320
312	473
704	489
721	264
64	403
803	228
989	288
769	338
776	130
552	350
964	343
264	483
934	378
95	391
705	206
474	156
647	376
795	480
688	485
587	144
548	275
225	433
157	251
570	430
57	194
884	274
547	460
293	464
850	435
5	194
217	160
671	489
967	319
269	149
681	165
678	313
370	271
576	141
75	402
794	222
963	409
267	423
34	361
266	205
595	299
884	354
915	234
869	135
253	225
342	410
438	117
658	196
483	295
112	285
159	377
473	419
976	460
766	131
543	329
458	119
878	472
770	158
128	319
761	129
780	174
50	437
444	382
146	363
119	436
703	326
47	304
611	314
577	463
484	353
929	269
810	251
996	115
569	399
932	287
798	400
382	379
272	174
607	184
150	312
188	298
816	470
293	331
690	463
13	228
382	187
676	207
164	243
56	181
486	318
84	447
480	470
88	162
466	470
453	398
677	306
306	219
415	243
797	412
209	241
443	373
543	461
789	285
505	333
79	371
394	224
285	234
731	185
768	210
866	461
1	294
92	117
686	442
530	140
633	258
78	334
44	315
464	407
751	350
253	147
395	113
140	174
925	149
135	223
835	464
371	199
788	495
360	201
936	426
392	348
840	174
435	432
576	229
288	125
57	103
934	397
226	330
839	470
117	415
577	375
57	240
773	290
631	321
479	159
239	201
749	372
567	102
456	312
699	273
349	186
96	474
748	306
174	438
967	376
162	227
572	259
305	226
195	268
368	387
557	313
904	362
6	357
489	439
318	280
778	295
937	290
409	182
783	285
238	170
856	213
778	403
122	189
885	248
649	313
482	203
357	273
252	127
857	275
199	130
268	455
590	409
958	241
855	435
36	184
999	384
353	221
630	329
141	230
128	186
365	304
185	200
824	299
196	255
635	304
227	433
9	342
502	273
321	252
749	135
469	383
211	470
651	333
838	413
22	108
339	487
963	494
165	460
58	245
545	476
319	200
616	389
615	302
732	370
106	437
251	347
633	219
226	286
709	440
294	339
720	325
871	176
570	175
20	127
921	371
267	448
580	105
605	411
992	110
854	244
24	208
244	103
922	469
133	289
410	468
597	307
311	317
585	174
785	377
591	145
216	355
169	123
382	429
675	104
378	174
614	493
551	379
913	195
410	443
33	471
3	430
133	143
15	429
367	127
710	196
222	490
941	393
364	222
214	495
522	221
1000	313
437	177
711	468
866	174
846	203
57	253
339	340
274	137
641	474
698	194
353	377
460	304
492	236
357	198
425	305
219	250
883	279
2	146
104	383
394	108
786	112
392	483
657	179
785	392
41	456
399	177
822	485
984	286
906	327
207	134
62	382
720	376
251	425
672	155
285	114
31	364
24	241
186	204
986	149
701	253
334	459
906	363
961	101
561	252
393	424
919	331
809	258
110	103
623	297
232	438
289	115
652	423
639	217
82	113
676	384
440	483
875	157
13	385
699	458
393	255
197	300
982	243
559	418
512	452
729	274
944	371
687	141
526	449
827	304
113	345
742	378
62	111
958	296
79	387
927	409
644	312
517	354
744	272
151	254
862	362
419	391
751	167
405	381
795	421
268	280
712	263
449	225
622	335
181	125
667	417
922	397
266	294
591	412
636	372
292	479
37	177
479	144
727	120
775	261
964	183
871	229
869	106
469	233
477	485
772	229
835	435
211	338
847	334
947	143
788	447
37	188
396	493
867	152
220	223
763	105
372	208
799	196
540	143
946	258
462	262
487	235
309	157
635	140
324	143
521	396
757	224
55	496
742	423
199	265
348	436
686	277
303	301
263	169
843	221
323	198
459	445
773	299
153	101
264	351
403	453
224	414
68	444
338	172
275	232
459	349
267	143
642	371
427	274
717	418
576	464
247	395
498	427
658	341
701	254
179	407
178	377
484	273
639	370
297	397
385	190
353	292
106	212
950	294
405	280
358	329
910	339
322	273
921	146
448	149
99	481
951	188
846	235
19	428
526	242
189	466
431	404
966	127
223	169
393	235
638	252
967	399
347	238
150	196
707	500
41	139
694	447
85	169
60	116
356	279
154	229
777	178
45	181
30	499
924	348
580	311
315	145
16	207
493	345
328	152
488	392
824	214
471	102
757	377
650	403
798	264
915	482
72	152
552	484
580	196
712	434
555	392
964	317
603	311
3	275
921	481
419	331
200	200
10	139
474	203
74	133
324	415
751	192
707	429
470	155
894	221
859	364
558	397
995	237
165	348
200	196
540	236
5	437
305	312
558	423
130	410
974	293
79	455
845	226
112	268
142	492
390	437
324	107
249	327
676	277
836	222
582	127
62	208
200	201
873	355
293	277
306	298
306	428
370	128
76	417
72	420
836	177
903	470
520	195
669	222
852	314
316	309
827	152
221	121
566	106
648	209
754	438
503	493
822	342
372	261
256	372
435	286
634	237
5	258
561	269
931	374
80	301
651	300
155	175
370	454
562	413
24	400
493	354
834	123
902	385
785	468
195	375
646	135
757	200
680	393
129	112
736	288
811	123
551	360
2	119
963	349
84	397
597	101
488	337
731	162
153	188
370	144
781	480
260	413
702	389
752	405
215	417
632	384
286	444
354	380
495	230
344	477
212	164
256	361
234	190
11	407
125	307
75	488
577	442
414	430
180	343
588	412
643	402
744	463
12	212
559	283
402	487
165	349
761	376
543	456
663	420
851	248
403	290
14	136
716	148
477	279
637	267
610	444
842	337
442	500
429	366
289	226
425	391
381	109
23	301
698	293
859	290
842	311
848	113
641	439
600	229
312	357
635	309
410	473
793	267
98	116
130	402
986	444
403	382
850	233
889	107
351	457
67	373
575	224
62	303
248	493
341	431
818	260
794	128
23	340
931	376
15	470
336	338
812	388
276	148
151	396
712	217
272	278
200	196
262	375
331	193
537	249
686	498
192	361
981	440
855	439
120	269
990	330
152	240
194	295
210	252
635	171
990	160
568	101
651	335
377	492
724	490
564	418
970	133
812	317
864	192
81	101
645	395
847	385
890	177
452	158
842	155
742	192
535	149
721	144
544	103
500	115
689	161
17	167
887	231
583	361
987	360
586	279
917	174
840	177
311	108
624	436
305	291
982	154
773	426
658	479
312	224
101	178
727	379
763	250
957	463
888	490
706	117
67	337
663	282
132	493
840	311
856	303
142	208
433	262
778	149
665	202
264	218
555	106
748	149
173	483
225	246
356	280
916	255
5	275
290	337
909	156
528	480
592	419
574	347
348	389
21	160
616	385
2	245
374	196
534	269
811	166
274	243
295	167
63	144
260	434
396	234
782	143
13	149
825	205
993	481
925	138
516	455
843	106
267	118
508	298
477	429
35	314
728	295
252	420
603	441
768	257
287	157
691	349
810	118
253	316
140	186
596	407
7	216
436	116
474	175
928	243
526	288
620	157
753	327
854	419
580	311
380	227
813	444
757	327
782	177
157	297
258	459
133	229
317	176
824	447
446	435
708	462
78	255
107	354
391	114
330	161
799	139
303	344
365	331
947	316
236	131
407	120
286	255
48	148
145	356
392	143
310	313
297	347
85	343
608	225
354	100
916	412
371	379
160	361
610	163
531	495
809	297
214	277
83	460
196	340
340	345
526	419
516	314
41	158
303	238
929	286
544	484
401	303
836	322
665	371
11	100
559	403
757	310
809	189
558	269
765	474
617	208
456	179
523	412
241	178
548	266
570	242
416	292
707	173
900	491
490	136
688	127
290	432
22	167
276	192
383	216
916	235
199	232
759	324
781	449
280	141
21	444
951	478
314	424
287	469
901	175
321	189
191	208
345	428
492	179
903	320
42	376
710	340
993	241
274	156
607	277
954	146
989	105
524	364
120	438
677	276
530	453
728	373
892	373
84	465
927	270
49	150
413	372
499	457
739	408
78	297
699	350
261	285
236	123
209	136
54	104
730	108
315	194
507	219
355	178
933	167
205	248
458	132
143	428
996	496
257	128
727	404
484	415
609	151
70	100
544	368
405	167
5	324
754	369
533	166
527	354
143	424
865	300
964	240
572	404
330	198
291	265
933	436
526	159
858	346
664	465
111	337
210	497
958	351
219	482
815	321
204	310
418	111
401	277
437	238
277	116
178	496
872	419
650	276
237	174
809	388
846	416
331	156
364	204
218	494
737	112
712	168
833	488
636	154
239	286
644	343
802	491
926	351
995	270
230	357
722	201
569	456
885	120
151	339
569	404
460	495
735	372
111	173
462	221
935	420
104	215
246	148
809	310
782	220
565	365
861	341
656	187
452	263
248	371
858	413
148	155
851	216
277	188
624	452
453	208
411	250
756	352
684	479
38	428
970	115
372	174
648	404
773	286
834	165
522	103
427	137
340	109
792	350
97	426
288	152
185	198
55	323
884	448
697	199
625	469
18	379
394	323
777	230
566	199
76	162
443	329
443	360
208	303
370	395
21	195
477	193
861	349
824	167
931	381
962	370
874	295
827	202
528	398
455	481
332	368
153	482
479	351
221	368
814	103
116	361
675	305
531	121
909	260
904	173
515	136
585	478
907	431
463	305
954	212
973	241
247	376
112	335
428	374
621	165
943	162
197	492
875	246
442	104
708	177
129	225
275	187
532	130
904	194
663	335
574	457
731	361
89	297
511	296
570	147
892	286
31	314
873	470
523	176
556	218
637	307
986	159
56	395
759	126
625	386
755	363
852	242
323	125
722	468
757	263
656	431
877	201
362	473
963	352
311	149
71	178
879	413
984	200
496	423
970	272
606	109
375	320
778	418
640	121
699	171
295	219
461	144
641	154
755	185
628	139
7	468
158	355
403	378
645	176
431	232
42	421
832	420
278	397
32	197
713	414
270	422
701	185
268	125
489	218
395	390
695	291
417	135
721	113
208	345
326	137
764	180
857	406
655	470
256	430
707	303
717	229
446	386
991	433
475	336
176	384
17	236
87	292
271	426
204	166
4	186
410	182
840	151
671	345
138	397
93	187
735	138
368	328
451	213
676	352
108	140
123	335
939	372
920	257
305	114
27	110
600	383
833	166
956	394
691	407
661	353
982	396
974	229
443	352
54	184
412	282
991	319
482	213
297	328
885	439
727	344
579	304
444	455
753	476
767	438
419	439
828	260
535	172
74	236
906	255
281	401
497	213
427	300
308	455
335	194
130	455
932	230
365	287
604	424
115	181
581	399
58	370
360	178
807	150
614	180
664	302
95	181
689	418
691	394
113	219
24	281
669	209
677	189
208	435
176	183
706	281
386	229
495	475
531	181
257	480
797	132
92	272
588	211
902	123
364	300
955	439
952	248
362	423
807	253
700	224
362	262
607	216
545	154
706	267
602	287
591	487
585	155
65	436
110	172
68	475
398	311
943	161
95	436
310	404
423	480
103	211
50	296
204	489
880	174
438	153
279	316
944	243
730	254
812	463
490	155
915	487
528	141
711	463
217	152
303	259
344	284
465	476
345	322
684	299
988	491
118	354
194	421
646	416
474	484
212	313
994	308
951	446
478	482
681	374
63	405
344	351
695	324
967	479
555	111
607	284
382	273
464	127
734	370
792	130
98	460
246	142
626	134
526	142
111	492
686	383
993	242
157	265
484	380
301	246
593	468
380	225
70	186
595	290
704	334
228	432
35	186
781	207
181	350
783	451
475	394
80	330
453	160
622	166
273	328
233	335
101	447
676	118
538	444
104	354
888	190
785	386
791	293
246	152
437	499
950	234
358	173
28	390
54	194
730	225
251	223
804	167
548	194
92	179
620	100
761	396
674	278
370	486
993	306
136	419
292	137
648	426
42	418
324	300
894	310
961	332
456	390
773	483
796	402
894	380
936	232
427	434
482	330
752	292
795	473
851	447
156	429
790	190
229	304
974	401
535	464
641	469
91	335
950	307
201	222
17	149
97	280
688	423
174	140
264	203
864	462
867	113
614	295
122	169
637	195
969	423
26	217
340	226
799	266
87	106
38	376
777	428
314	341
276	299
189	108
955	254
847	200
935	436
533	297
728	120
623	375
455	481
152	489
891	456
501	183
873	110
367	175
580	499
823	481
529	189
357	318
207	293
193	320
305	113
208	289
18	393
805	243
833	185
183	292
723	117
682	245
611	478
297	122
638	432
114	400
813	300
172	218
481	155
491	319
707	294
978	181
782	161
960	343
876	409
80	238
958	472
497	436
704	161
468	150
727	328
285	314
211	150
351	497
848	381
67	157
730	138
912	240
922	337
628	487
887	213
191	100
607	255
389	246
553	374
534	254
151	401
327	161
420	388
410	455
548	326
464	105
69	147
775	195
269	286
700	205
4	407
687	375
392	262
596	329
911	304
289	256
467	496
590	228
439	273
718	140
559	160
700	458
846	101
912	179
116	359
451	173
80	307
556	267
28	215
298	120
904	413
669	478
207	401
729	454
314	234
450	408
396	408
785	115
869	335
90	120
473	261
14	411
879	370
871	473
885	334
864	423
701	264
883	177
170	313
937	280
688	431
262	232
30	410
253	295
742	216
458	183
786	259
878	329
676	361
616	377
305	469
916	304
767	397
449	129
210	302
639	480
44	100
897	343
10	110
643	186
848	205
928	318
766	467
996	330
245	409
692	299
553	369
564	124
796	462
315	431
114	152
4	175
434	185
217	479
432	352
26	459
27	230
606	133
293	102
360	178
598	121
318	114
503	204
922	262
800	341
435	460
390	368
44	367
263	110
37	237
815	469
850	314
426	385
40	447
912	373
778	296
826	322
822	255
142	123
922	437
683	197
535	204
321	187
927	358
768	315
424	258
809	448
800	117
80	277
992	254
713	353
960	465
755	220
11	174
796	215
69	382
663	101
190	129
166	463
998	374
52	206
111	122
796	498
326	230
478	352
36	176
459	253
406	152
795	216
377	313
832	236
790	276
91	481
470	369
299	136
757	148
260	240
631	144
765	468
211	185
325	107
664	483
163	430
972	291
994	406
668	498
269	327
53	183
573	163
765	182
466	461
758	203
786	473
181	284
750	436
897	236
803	284
495	244
121	230
933	272
551	292
850	175
318	465
548	269
93	364
695	173
418	336
437	311
959	276
858	478
756	223
766	168
910	229
316	301
142	145
376	385
9	431
638	103
237	138
229	406
222	232
317	200
134	211
556	395
731	431
694	393
433	358
504	333
570	282
865	270
206	427
785	294
677	417
547	423
637	333
373	124
824	100
100	340
710	495
881	224
870	477
630	291
830	303
525	138
603	343
612	235
319	171
408	420
481	249
559	497
600	126
397	429
64	390
667	398
576	250
132	222
152	421
650	260
110	100
156	241
640	210
46	204
579	262
419	149
903	379
439	181
3	295
538	445
173	186
890	418
358	187
639	290
568	349
129	205
767	240
417	242
862	115
760	251
607	439
721	191
971	339
790	154
37	220
714	131
589	313
155	438
394	183
631	437
51	391
740	339
919	311
983	490
331	252
166	209
626	138
880	381
222	453
84	274
557	392
902	270
165	135
167	453
146	349
924	304
834	324
282	334
548	145
459	364
681	231
138	481
147	467
379	352
310	144
910	340
107	412
34	125
19	442
681	299
33	174
962	327
392	106
881	116
332	237
308	165
301	342
214	163
19	158
535	194
964	377
886	436
937	497
811	170
842	368
768	105
841	259
463	115
888	379
535	452
469	114
274	415
311	349
726	339
921	440
400	441
314	380
606	270
796	284
771	154
42	439
846	482
678	242
811	231
880	495
252	144
971	394
789	155
448	154
497	398
737	267
204	221
857	177
282	105
685	118
925	323
927	224
876	113
200	123
205	438
713	243
281	112
654	361
631	220
532	398
275	389
475	370
909	277
116	191
73	370
572	395
716	151
801	145
676	360
306	415
664	357
317	189
694	478
30	159
818	395
351	437
658	392
748	148
219	350
362	355
695	274
333	423
124	230
697	286
181	116
177	282
707	105
678	370
897	420
168	452
906	140
878	284
448	359
537	230
573	398
774	162
518	500
111	490
193	215
308	172
516	399
901	438
61	376
459	322
106	160
303	117
714	492
674	286
589	275
270	257
289	315
66	347
853	494
771	237
827	314
497	330
262	235
624	315
749	289
298	394
29	361
511	281
906	304
295	374
499	151
326	154
128	156
469	456
201	235
135	142
929	468
552	413
849	263
333	221
258	239
615	476
196	308
258	281
995	236
882	146
498	495
552	239
719	497
205	500
179	400
738	343
272	430
111	111
17	270
886	428
46	492
687	481
628	364
674	295
42	177
946	494
867	167
923	431
185	431
424	450
909	267
456	300
930	495
642	102
791	224
115	160
296	440
126	401
26	164
250	108
525	297
51	334
706	334
772	153
844	460
680	367
258	331
768	381
619	472
602	256
563	315
789	206
958	261
132	149
52	329
23	408
270	292
258	243
117	318
601	279
639	392
887	115
430	217
235	196
347	456
383	300
909	232
913	199
378	319
29	389
128	425
651	439
601	256
378	487
639	436
185	373
685	115
110	332
883	395
978	401
433	224
631	178
524	360
575	119
694	319
524	446
237	408
887	460
475	106
815	188
153	342
376	454
803	258
295	396
755	499
466	304
806	268
73	323
698	455
841	292
134	220
655	316
252	276
731	319
442	482
813	233
54	301
308	493
123	349
681	347
649	428
47	219
191	250
464	131
821	250
33	369
362	324
876	220
131	350
953	162
149	336
590	201
631	410
821	311
942	490
647	263
277	131
500	264
329	128
29	333
722	183
46	268
146	265
321	445
880	461
774	440
922	492
24	212
432	350
894	181
405	480
268	258
75	223
484	411
535	265
249	310
693	384
712	488
207	461
509	154
922	422
78	111
721	203
164	243
15	303
48	367
422	163
495	243
790	398
725	373
496	106
783	292
223	128
84	271
336	309
339	306
585	430
239	317
878	411
651	279
890	295
365	466
38	240
592	435
342	292
769	409
796	440
661	223
311	471
649	433
288	441
665	349
460	450
949	129
662	481
153	336
120	146
447	202
928	204
399	404
117	470
973	473
611	380
182	216
382	445
570	410
559	305
669	373
196	167
897	227
721	450
824	346
842	347
37	454
632	376
898	440
334	309
543	204
284	376
20	175
896	413
16	427
296	493
255	406
519	334
957	344
8	261
40	331
344	332
696	154
736	364
897	215
479	486
561	413
661	109
846	173
258	389
838	338
610	275
909	303
602	369
783	325
133	253
438	317
2	393
801	378
625	273
129	380
573	391
453	405
271	250
225	204
94	288
853	475
835	374
399	294
719	179
836	245
786	298
221	294
224	483
518	137
579	112
355	454
86	259
346	291
23	100
166	101
702	378
48	454
738	336
6	113
132	246
202	434
99	453
806	306
677	283
34	273
703	486
105	422
880	476
159	242
187	309
137	123
881	440
232	155
741	278
807	361
498	368
799	307
568	266
783	295
308	306
159	205
620	497
299	176
670	230
52	356
829	264
664	140
820	285
945	284
859	218
527	162
454	291
152	407
274	488
329	333
280	326
801	167
896	372
178	126
837	133
974	449
942	379
5	202
43	272
720	316
94	280
775	433
745	233
779	469
760	374
420	218
268	207
118	446
490	159
158	281
108	112
994	485
589	344
51	360
995	410
937	497
55	259
287	281
690	436
318	439
870	378
104	178
773	298
863	472
405	175
316	410
141	108
187	186
632	162
882	436
596	189
511	121
945	247
130	341
564	175
336	315
166	182
517	482
959	469
450	363
472	194
17	374
523	190
839	445
492	498
437	343
500	296
524	212
739	496
70	261
4	216
318	479
385	158
64	286
958	463
306	219
670	314
455	344
179	177
490	376
326	452
722	461
417	395
316	257
869	441
10	415
303	240
270	340
479	365
574	155
754	397
983	340
546	100
622	122
440	296
72	114
468	335
563	430
118	105
256	395
120	136
265	170
164	359
497	350
985	226
25	128
43	467
286	242
160	184
320	496
815	154
937	469
58	483
45	122
324	350
595	126
644	210
518	214
616	340
502	171
819	133
411	476
756	250
394	356
362	377
781	273
554	312
452	378
518	131
833	433
773	247
201	472
165	271
168	447
314	144
880	291
364	406
571	228
806	280
490	492
241	459
907	200
657	246
349	258
212	283
697	109
676	500
614	129
820	235
184	332
327	322
941	353
990	424
25	150
758	215
871	216
454	407
616	405
426	221
468	175
649	160
150	396
251	271
444	169
289	401
112	116
81	137
696	318
578	455
19	101
921	243
917	212
194	387
395	445
374	292
612	322
462	360
981	150
10	402
472	268
630	470
282	479
928	438
269	381
856	285
975	315
154	104
968	306
609	104
726	104
366	158
46	439
456	161
67	199
59	121
894	338
19	269
776	108
795	468
353	374
761	446
110	195
271	359
298	110
367	235
194	167
22	186
607	434
926	144
581	278
221	213
939	325
91	480
406	451
334	411
151	386
976	370
887	448
334	115
990	225
577	354
18	233
847	234
829	361
509	180
130	309
224	383
302	204
95	370
97	180
46	356
235	146
462	254
613	267
556	349
333	389
455	328
354	479
814	192
895	269
56	301
740	268
751	424
135	233
262	434
750	122
848	439
585	281
553	408
451	282
432	396
521	435
749	114
821	356
16	184
391	293
385	304
119	456
223	433
163	233
935	175
312	309
229	184
901	107
830	223
961	493
570	232
548	340
356	462
295	289
358	120
896	188
805	403
976	195
594	151
930	449
127	256
728	384
944	421
724	310
931	246
953	118
413	388
46	472
769	176
354	420
972	301
820	320
777	399
967	436
13	252
727	119
17	276
215	165
372	173
109	191
868	419
608	338
689	222
91	194
107	456
916	421
430	117
318	305
818	391
250	349
498	474
877	381
542	431
500	141
767	377
127	370
53	303
263	196
42	394
45	288
810	433
806	248
765	345
645	251
652	167
383	169
843	427
34	208
444	356
105	354
727	280
671	270
510	375
300	222
830	254
211	233
834	303
908	458
41	105
741	204
840	278
316	220
807	333
440	126
910	312
447	285
194	395
313	474
831	234
966	227
502	344
303	277
7	108
195	461
603	489
952	105
675	323
395	244
13	271
334	292
289	406
944	234
723	108
345	132
526	166
104	168
73	193
994	387
379	142
185	479
954	201
709	500
892	149
772	158
796	380
850	109
823	246
830	394
39	183
884	187
107	488
658	344
644	230
510	168
958	137
310	145
586	121
115	199
967	226
370	153
755	127
259	491
438	175
910	279
165	358
80	156
626	477
421	330
260	451
385	427
102	410
727	434
594	156
118	361
829	133
116	478
42	164
456	199
687	322
370	486
453	332
834	332
725	485
488	297
724	423
107	428
376	430
722	158
127	460
635	334
522	324
921	347
91	264
694	444
356	487
134	482
504	310
715	357
964	148
84	135
746	182
366	246
580	343
913	190
448	152
489	151
197	160
972	450
213	264
374	423
345	231
709	430
46	362
684	322
399	377
281	429
67	163
358	436
476	214
625	241
749	196
508	111
249	153
753	480
994	365
893	391
941	110
891	344
637	277
617	447
863	345
564	214
727	388
269	321
730	386
106	488
327	248
485	420
37	330
550	213
206	465
595	269
632	341
722	273
898	118
704	420
74	178
731	478
279	328
706	404
336	200
478	472
750	162
765	348
184	374
85	363
422	182
235	161
782	324
290	405
373	124
508	397
792	433
789	482
504	304
880	254
66	415
180	455
828	123
587	348
94	144
742	429
28	430
652	127
693	330
4	327
928	299
798	468
893	214
249	277
11	419
932	200
684	251
556	397
753	420
73	381
940	373
414	465
311	380
615	463
615	333
560	432
401	100
249	394
633	105
311	157
621	432
891	136
508	353
786	378
102	352
308	371
555	268
547	148
155	284
191	298
264	425
290	295
7	105
162	306
827	167
850	488
268	205
183	108
893	388
882	348
767	219
73	456
780	472
745	477
756	240
400	262
832	445
529	349
676	474
408	415
159	300
61	314
942	491
773	439
850	299
858	218
763	355
189	244
467	323
395	412
560	218
344	180
656	413
494	340
751	464
692	107
869	106
272	227
27	190
349	477
413	115
359	240
399	249
20	124
821	143
538	293
57	334
575	140
415	124
363	488
996	476
128	404
206	251
200	318
72	252
812	267
70	350
34	384
79	298
270	355
859	357
785	425
865	295
183	407
572	141
119	377
451	455
225	346
619	476
379	439
821	101
823	439
509	411
403	395
365	433
104	304
835	333
630	452
813	416
999	498
239	482
341	266
244	312
46	453
66	390
743	219
122	384
712	298
266	154
386	309
509	496
66	462
589	192
492	472
478	340
6	148
277	420
64	128
182	470
152	120
204	414
957	426
679	348
934	161
351	287
918	270
325	188
223	267
779	210
392	378
580	378
718	253
963	260
782	482
196	200
641	429
783	308
523	458
506	437
487	144
482	226
340	220
746	403
751	400
781	167
928	153
632	409
735	194
565	341
993	415
11	386
725	488
110	121
842	434
322	247
795	217
644	250
597	158
18	335
442	307
593	366
921	261
45	178
822	188
902	426
281	497
777	100
183	336
175	350
84	366
773	481
866	296
776	221
745	156
207	355
314	487
60	241
433	409
152	320
342	375
400	406
603	495
844	389
785	412
859	347
657	107
511	231
103	287
43	446
812	414
635	429
157	318
935	499
186	389
652	342
7	362
792	421
663	141
79	362
61	478
646	423
349	132
733	360
562	348
868	220
182	429
572	320
915	463
224	499
237	204
935	349
267	466
584	436
661	299
670	363
127	269
935	495
14	291
50	194
525	366
985	159
806	495
902	399
220	492
280	123
214	270
709	339
969	314
620	457
704	481
146	497
797	317
571	402
603	260
812	408
379	203
965	192
391	268
520	168
912	360
803	126
650	234
731	192
844	138
235	319
824	162
593	347
398	216
686	459
515	471
429	481
591	289
463	419
543	468
604	375
333	397
970	199
641	122
673	374
397	308
53	458
421	200
835	456
623	252
898	294
896	230
174	357
457	117
876	141
916	236
339	145
852	123
988	469
830	440
510	433
428	257
928	494
78	330
928	460
862	305
549	458
756	437
800	356
76	408
313	431
436	185
609	102
851	154
425	264
607	103
527	343
697	446
3	354
10	462
790	263
324	174
406	319
836	169
999	404
763	341
499	475
416	451
596	329
363	424
155	397
206	419
336	319
480	446
535	170
206	263
246	262
459	428
262	349
904	335
676	206
196	399
273	304
448	446
13	380
950	359
116	225
487	212
411	282
812	383
619	342
636	488
557	467
101	277
836	270
825	420
538	372
398	491
279	481
527	284
865	292
774	121
935	493
923	139
681	466
123	435
625	126
504	223
609	348
491	438
262	315
817	134
125	409
377	396
349	315
257	191
516	321
775	100
708	429
112	489
783	367
82	205
917	322
270	489
985	270
592	126
426	123
844	337
31	408
575	315
340	426
566	372
581	170
957	190
878	278
110	217
762	467
121	207
732	467
378	495
8	154
195	201
238	495
988	214
432	220
33	434
691	393
682	461
744	468
457	279
852	283
779	167
473	292
954	269
365	375
158	191
572	225
305	447
839	372
24	100
766	129
713	115
750	381
213	271
972	157
730	390
247	245
797	424
401	153
453	175
99	287
863	114
451	399
979	293
5	264
775	199
413	101
264	345
76	131
257	335
470	442
682	190
623	171
219	200
905	328
867	254
768	483
253	117
929	277
569	397
83	140
374	486
558	457
652	453
981	335
72	269
740	168
226	229
731	335
341	150
969	293
765	357
370	329
365	128
613	252
343	143
631	499
74	494
750	398
93	115
692	437
479	379
871	460
895	218
185	278
174	409
55	499
290	223
668	400
328	245
730	398
902	181
690	273
841	234
960	207
51	237
175	350
645	223
894	486
612	414
157	328
411	147
857	417
999	388
439	430
50	344
325	305
434	355
782	491
413	397
313	118
940	198
959	149
369	243
867	273
73	214
16	256
25	232
19	209
288	139
665	318
126	265
197	336
898	222
181	346
1000	206
46	389
272	119
923	295
734	386
204	329
258	401
595	384
8	493
801	482
858	380
459	449
541	416
475	144
136	261
42	354
550	347
474	427
202	247
327	187
941	114
810	269
976	221
156	316
640	477
472	153
885	244
391	252
542	391
867	174
453	277
937	130
836	194
717	390
36	172
666	227
111	248
422	117
808	341
7	117
422	400
947	296
230	462
352	345
453	178
693	191
316	158
555	221
363	354
750	185
823	180
356	290
237	365
284	157
175	285
659	242
275	418
519	346
963	213
835	126
815	449
663	409
672	316
910	343
459	280
591	348
59	228
695	450
208	143
630	257
1000	467
176	255
33	423
387	447
409	137
69	434
266	466
451	374
91	103
982	465
946	177
681	240
210	328
939	435
744	393
738	192
844	358
587	426
679	140
399	356
348	155
974	138
894	204
763	297
169	157
508	137
808	473
229	214
926	306
603	190
23	420
573	464
788	182
155	330
692	264
254	309
689	124
433	149
396	346
679	109
763	274
669	210
444	482
377	470
146	391
949	477
310	238
965	313
336	245
705	411
61	252
372	118
921	215
814	233
286	385
632	219
596	427
924	359
185	180
196	251
519	141
661	342
1000	340
349	266
864	499
544	370
329	210
795	393
766	474
965	252
369	422
21	188
751	223
777	141
317	312
417	494
923	143
18	277
880	434
521	133
391	362
264	493
70	484
696	422
352	451
567	105
311	469
325	279
719	218
527	299
957	329
88	410
229	431
402	288
897	135
313	264
34	367
743	311
271	491
826	147
143	221
85	380
803	447
569	445
433	456
540	218
568	205
895	313
657	251
360	264
997	368
328	459
575	207
330	125
563	351
229	433
50	415
426	229
661	455
50	476
853	419
515	151
114	475
753	213
776	158
355	373
266	485
888	338
624	159
541	126
286	247
69	422
751	177
889	211
882	174
83	434
883	159
273	282
811	111
228	395
270	442
137	407
10	188
370	386
955	274
264	355
851	153
525	152
508	391
961	223
642	275
918	461
137	209
785	127
667	422
483	231
944	128
6	397
696	366
93	370
90	105
587	247
232	464
844	369
979	446
162	258
37	245
308	493
565	110
534	269
548	260
56	225
753	500
56	288
674	277
400	470
29	224
495	138
933	407
79	105
806	486
183	218
581	114
26	292
79	294
549	257
620	245
558	333
712	167
107	302
594	499
122	383
19	427
395	263
902	294
60	134
651	464
194	397
898	149
241	424
346	330
45	476
583	179
74	377
927	378
30	307
485	367
255	319
988	189
427	233
60	138
447	497
672	168
978	287
276	176
886	118
493	214
779	126
229	288
517	465
514	112
397	179
168	312
627	152
273	311
359	293
415	333
614	358
728	122
607	389
364	125
358	442
38	393
640	174
579	452
99	443
762	450
570	230
480	430
998	333
600	436
438	468
426	262
645	190
828	114
947	228
133	122
244	470
601	220
901	497
858	401
954	468
356	384
721	287
617	291
590	473
361	268
924	408
319	162
528	281
882	209
858	240
972	182
768	290
215	377
836	169
306	349
470	213
295	105
703	408
462	129
938	315
671	426
850	301
807	419
819	215
993	201
889	219
641	120
319	280
152	199
465	139
971	389
314	318
456	246
27	222
851	155
46	251
579	136
2	324
717	197
483	179
519	476
962	467
823	387
866	232
31	251
232	152
890	343
238	315
848	498
454	291
743	131
929	226
804	410
121	414
388	176
78	462
449	170
74	160
830	264
829	267
958	122
845	441
908	265
682	398
603	480
593	441
438	350
613	315
757	495
397	268
482	478
118	125
487	477
947	229
460	324
954	128
931	189
203	395
813	170
377	319
778	360
440	225
953	430
578	405
817	496
954	218
771	212
991	107
550	276
216	498
828	476
412	311
906	106
137	245
876	119
920	344
618	158
126	190
309	289
326	217
145	158
353	476
621	385
647	247
862	493
413	388
337	452
227	307
671	199
453	129
102	168
377	239
747	447
103	278
276	436
90	473
495	414
913	354
62	150
183	457
981	388
263	315
640	357
603	353
688	398
45	448
93	453
904	451
473	422
371	170
877	452
591	197
887	303
508	184
849	382
493	271
291	435
800	198
335	271
603	262
343	373
121	320
812	157
620	201
193	415
900	403
876	419
42	330
26	360
657	357
816	372
743	361
327	169
196	489
444	454
550	400
313	156
642	110
198	103
400	277
177	106
358	468
896	443
600	339
130	216
797	198
632	402
926	354
995	455
392	193
819	499
276	204
834	330
9	410
95	487
500	468
304	478
159	481
712	167
266	288
885	344
54	438
679	403
98	447
416	107
640	153
200	298
407	153
584	357
662	300
597	352
532	455
128	455
988	404
880	210
463	345
245	348
62	305
424	221
514	190
885	103
764	309
913	177
735	489
243	424
133	161
199	172
18	376
390	308
574	488
876	387
299	122
877	285
929	313
433	109
215	423
337	394
262	160
568	456
17	321
452	412
44	354
391	496
300	326
357	193
735	285
710	463
537	248
385	346
759	207
274	455
941	319
185	214
603	377
365	448
940	446
870	479
709	459
805	381
891	153
716	280
130	480
152	461
307	244
889	272
602	196
665	368
969	473
923	430
919	345
96	473
685	432
256	466
346	191
294	361
694	323
772	451
108	409
901	164
897	261
78	468
18	432
287	468
912	327
524	349
397	158
988	378
350	201
781	229
465	156
551	360
530	307
786	204
331	476
295	154
742	438
535	290
969	346
701	289
674	120
233	282
912	255
767	420
341	210
310	493
100	359
121	264
450	473
837	341
471	220
348	174
197	422
13	267
712	186
794	160
237	233
817	295
940	397
7	302
651	379
7	242
574	215
156	189
668	381
707	423
615	303
455	481
146	277
409	106
376	207
364	350
34	259
482	185
925	311
955	284
146	494
125	204
750	273
914	498
829	365
131	376
901	263
11	361
334	395
271	352
146	205
877	140
874	238
991	179
167	226
289	178
392	447
896	362
282	257
509	434
936	357
209	222
967	232
222	222
621	160
36	282
727	376
39	237
418	208
454	332
771	356
691	467
298	494
848	263
178	257
789	199
830	326
549	403
167	165
715	494
503	154
77	228
195	428
970	222
214	493
713	193
337	168
987	488
686	195
763	324
19	425
871	278
954	435
867	415
500	445
592	474
896	389
721	497
681	205
189	438
106	246
441	285
818	425
489	117
944	491
869	300
882	159
186	357
779	317
849	275
123	392
437	137
803	497
606	197
118	343
807	101
890	202
716	132
896	224
283	188
563	384
492	190
534	268
960	246
183	408
117	433
75	384
633	354
755	119
224	196
822	358
270	323
760	262
469	306
92	188
637	471
68	339
153	200
621	132
434	450
394	427
431	286
730	192
395	145
342	316
718	255
795	499
651	436
159	401
969	379
950	210
809	244
697	488
706	445
771	482
519	263
166	313
792	319
882	472
542	433
528	192
730	139
361	387
678	349
806	344
752	262
399	250
157	159
168	170
30	313
420	444
106	456
573	185
561	418
999	336
85	384
622	207
231	483
680	154
394	151
488	145
511	243
539	234
880	362
857	163
14	495
452	417
687	397
118	330
5	211
190	299
277	264
357	269
332	386
247	222
665	341
117	278
986	141
642	209
923	413
399	477
939	137
620	231
336	372
56	409
127	366
425	100
193	164
712	220
441	438
467	336
348	230
542	329
361	372
119	475
158	311
508	290
27	488
287	480
185	474
183	106
994	115
143	160
932	264
690	278
998	442
278	248
384	124
122	418
207	367
815	182
351	474
596	354
91	317
40	442
41	204
273	297
60	454
53	260
942	401
204	499
1000	277
335	469
254	247
508	231
36	337
815	133
69	246
331	491
703	276
670	437
365	480
287	367
478	144
65	317
591	358
636	371
76	210
924	134
171	323
970	436
344	183
224	293
852	175
744	272
838	125
604	408
125	158
385	213
277	224
843	154
766	235
985	150
793	246
217	374
481	157
83	298
815	208
320	139
697	283
467	264
456	251
734	368
215	355
670	495
798	349
738	130
329	174
751	380
131	256
512	288
795	347
128	188
771	275
543	390
904	416
671	169
950	490
224	489
758	337
782	408
316	416
553	482
399	309
140	104
311	126
285	160
415	470
327	231
250	471
997	140
523	234
578	113
477	449
819	391
470	466
483	233
334	421
893	194
617	346
660	181
859	327
608	409
818	433
195	117
34	483
839	405
27	202
831	188
976	396
273	203
71	157
886	376
993	373
411	258
297	354
262	211
986	339
584	360
410	344
614	144
637	175
909	196
301	152
572	210
107	425
952	440
989	266
17	461
711	431
343	217
425	259
916	224
828	471
870	445
574	114
515	144
458	119
901	391
891	386
600	202
615	404
225	443
570	368
544	494
8	459
328	237
415	112
50	435
97	207
362	286
617	194
443	364
301	240
811	119
767	498
771	500
631	243
141	162
494	210
292	276
585	463
990	185
108	366
512	310
581	244
317	473
321	405
332	256
329	264
265	263
408	298
436	327
560	153
204	292
564	252
210	216
701	213
127	420
385	302
951	409
481	395
819	113
429	416
784	494
657	414
139	343
738	291
231	180
457	194
544	406
510	147
583	209
266	275
881	108
723	310
95	152
451	346
927	109
674	445
750	264
731	103
836	369
630	264
414	476
377	338
686	130
231	195
434	163
940	154
86	328
674	367
323	281
754	484
677	154
703	484
728	264
343	187
501	109
224	360
543	267
586	354
572	173
105	407
468	338
119	262
903	425
741	200
674	367
6	144
718	214
406	231
105	149
964	492
963	281
656	156
314	446
827	233
225	290
648	474
426	379
541	338
343	349
115	120
982	485
706	441
784	102
749	469
767	159
161	329
607	171
258	446
388	105
614	168
164	454
528	330
668	356
362	152
741	145
281	467
494	439
634	273
608	107
935	159
923	416
366	301
108	284
670	114
946	440
802	287
803	102
452	458
439	216
322	445
155	272
829	441
298	182
268	155
472	490
299	444
394	142
49	457
441	438
734	197
229	363
914	219
844	262
777	203
721	309
409	381
181	390
362	316
848	495
62	216
713	324
218	401
162	345
268	467
589	273
196	115
286	404
553	459
16	240
523	317
243	487
927	161
399	131
427	418
689	196
687	433
497	111
412	409
312	375
215	477
268	465
351	235
567	131
342	273
849	449
199	115
339	257
479	250
722	318
834	157
669	461
620	316
354	137
948	459
523	431
565	353
334	255
542	379
535	200
89	121
572	396
577	376
611	427
695	246
738	146
373	275
212	240
576	410
676	280
234	202
275	261
151	423
241	161
214	479
86	268
495	224
690	215
177	479
795	405
588	301
494	413
722	381
892	327
105	142
792	151
779	331
953	446
483	285
155	303
625	342
590	164
812	454
259	238
120	395
449	360
665	298
364	168
501	109
540	231
237	188
77	254
161	293
382	255
235	359
157	319
192	105
18	419
937	331
179	116
737	155
726	202
753	497
310	382
386	360
62	391
302	206
360	216
653	405
172	357
534	328
364	482
974	393
729	148
49	476
102	148
675	246
712	344
381	359
706	357
199	284
721	277
605	145
433	381
851	431
280	250
338	341
261	333
430	275
518	248
4	443
175	463
842	308
149	312
834	407
716	197
466	141
102	305
10	442
154	105
982	393
205	241
582	148
569	470
109	185
983	355
180	253
301	390
348	110
258	169
398	245
748	482
598	103
675	252
24	269
919	479
981	264
755	440
468	339
426	139
621	435
93	376
606	421
664	108
984	285
65	112
577	382
132	335
556	289
191	309
745	256
960	174
131	484
891	277
136	318
120	375
767	239
760	374
906	244
616	171
142	274
253	274
133	188
453	135
657	268
378	483
622	194
928	197
167	232
710	300
416	257
232	459
284	496
409	494
392	490
869	340
34	157
461	276
22	135
897	264
584	171
133	344
496	160
949	419
393	401
65	232
980	304
564	411
823	313
25	409
974	212
162	158
635	280
174	477
665	415
165	414
1000	273
236	148
127	412
549	383
599	347
861	228
673	348
544	372
785	320
396	213
891	355
610	475
673	272
19	488
579	332
990	367
866	143
376	473
7	109
597	291
89	189
812	412
804	219
993	327
511	330
490	237
863	402
665	478
824	196
67	271
53	295
103	349
318	401
169	108
753	333
584	204
126	460
835	139
79	499
317	399
568	404
600	494
581	452
823	307
325	158
545	150
382	216
487	455
604	211
351	249
43	181
724	363
879	480
2	239
497	400
10	368
93	495
231	412
187	391
649	381
827	309
718	450
529	247
684	321
363	211
757	475
848	125
499	103
970	202
143	200
806	133
325	449
265	296
726	191
546	100
331	307
385	276
454	360
716	154
448	285
949	435
475	229
346	398
240	304
379	273
198	281
507	344
255	426
340	123
739	294
531	318
989	194
516	102
332	458
150	158
878	334
795	235
256	333
944	184
951	463
449	318
909	342
671	108
20	435
341	403
411	159
236	283
503	472
605	141
322	256
847	495
649	213
907	440
809	309
744	300
926	303
211	227
643	372
818	266
587	421
601	461
547	211
752	342
749	443
252	371
379	144
613	210