10000
2500
667	644
712	100
117	840
389	756
898	862
865	731
801	198
131	934
419	880
690	603
475	503
864	967
774	857
496	280
1	156
473	694
870	968
264	891
43	439
678	929
241	885
922	833
878	647
553	838
356	950
537	223
840	559
649	319
871	571
738	899
802	915
620	505
422	196
988	569
722	543
653	706
522	950
137	179
741	839
273	354
294	635
265	620
262	254
852	801
687	512
280	394
203	959
572	526
842	310
615	787
947	464
85	819
664	191
188	405
218	305
636	934
434	953
65	520
167	439
114	461
713	465
12	343
439	619
159	833
538	958
544	723
227	188
979	483
13	535
446	969
258	895
159	346
500	884
531	802
335	396
361	251
811	114
158	473
46	829
350	478
943	902
691	160
537	271
499	448
161	366
920	585
553	425
451	838
522	469
859	892
784	155
250	904
579	953
453	558
109	198
345	724
32	302
25	925
585	959
649	529
667	506
669	870
703	331
801	522
28	734
552	682
327	941
333	479
285	258
99	733
125	173
813	872
603	512
261	495
496	369
810	323
304	972
845	460
753	295
564	673
906	369
315	984
928	136
887	377
617	499
524	398
406	989
945	687
482	190
50	259
234	827
500	880
977	305
656	383
945	648
517	787
344	187
689	687
839	809
818	215
516	830
946	868
802	592
515	343
524	581
533	103
602	665
677	328
965	168
493	923
701	352
752	924
977	406
501	684
632	496
604	321
221	714
282	766
142	780
373	551
572	822
191	763
889	789
335	368
868	153
439	185
79	103
406	377
935	347
511	801
114	890
848	316
227	112
359	372
896	615
396	261
637	966
882	895
843	468
814	400
217	708
165	879
435	249
84	822
228	984
916	499
883	963
74	565
58	257
120	470
509	1000
270	909
556	988
942	899
878	712
957	950
434	705
728	221
435	540
771	833
661	934
324	632
243	309
730	104
626	580
302	496
757	961
340	496
254	320
709	453
42	855
634	236
775	766
122	361
494	801
629	600
711	197
104	733
774	706
433	909
68	786
746	546
6	526
830	108
532	531
879	662
698	909
537	899
130	502
1000	498
57	175
934	622
243	631
604	107
365	200
822	853
409	117
388	948
163	807
418	476
554	545
902	396
190	622
642	827
396	225
827	772
302	312
151	777
93	506
726	420
998	763
220	379
446	168
804	763
169	340
562	641
745	550
671	671
265	672
746	774
454	969
832	558
864	782
183	922
707	508
914	412
688	918
325	929
730	251
254	328
373	344
171	617
177	395
429	498
468	182
462	463
760	197
225	943
38	584
914	246
252	406
824	545
789	839
774	184
300	552
467	974
573	954
322	261
514	370
178	738
969	194
998	342
546	282
395	699
216	262
5	533
74	629
17	561
12	803
966	924
255	143
793	305
636	632
732	461
626	515
500	680
656	880
632	634
668	327
138	822
576	576
971	670
312	828
827	237
360	918
731	116
401	144
563	561
375	673
607	216
25	345
196	747
788	440
500	437
10	829
793	953
534	709
860	179
473	519
842	354
438	596
743	436
225	807
590	288
475	704
400	814
513	391
371	378
928	728
121	633
307	487
55	256
825	592
211	619
91	587
245	645
611	647
431	282
453	725
431	150
576	757
358	685
767	599
675	408
231	776
600	253
232	342
550	550
23	244
543	531
259	296
450	893
380	390
835	426
107	341
600	628
385	557
216	713
507	677
759	596
197	448
825	766
222	702
668	640
426	492
815	122
311	793
176	791
732	108
448	135
28	173
447	334
895	816
549	683
418	135
386	690
183	182
60	538
679	421
805	631
738	611
293	923
708	912
802	608
695	315
141	555
4	200
314	332
527	702
404	275
445	604
964	450
631	542
548	268
54	525
704	190
693	597
497	879
411	860
983	611
427	922
383	610
483	192
495	159
910	542
575	876
28	568
112	418
232	416
850	369
713	187
676	209
728	529
435	380
956	613
920	423
901	172
243	797
258	383
323	696
392	221
496	314
602	722
292	114
251	868
911	668
627	841
71	359
760	938
226	823
728	101
983	727
748	596
684	873
482	995
243	243
169	965
697	937
981	458
836	933
425	707
515	929
191	418
508	367
166	278
881	888
134	262
565	342
920	904
368	889
929	460
627	925
998	992
528	791
51	360
321	853
255	210
879	224
244	587
377	976
416	268
571	205
645	999
996	245
159	941
113	811
345	973
916	585
999	742
451	453
723	944
10	780
838	979
208	176
828	802
890	588
294	721
248	123
375	731
72	930
826	463
736	460
217	546
137	209
89	982
513	914
250	254
611	199
194	536
945	537
967	272
341	971
385	688
364	827
457	958
770	796
100	685
233	972
657	714
472	441
913	346
54	247
680	712
918	208
429	117
993	962
839	870
783	368
571	238
566	467
198	132
198	549
201	255
848	499
426	887
748	168
539	233
516	361
572	381
977	153
973	681
396	100
240	511
979	304
965	646
987	457
306	391
488	693
284	408
233	234
66	400
209	389
730	557
612	231
73	417
71	539
117	306
789	574
693	110
689	383
876	775
611	430
536	658
640	681
770	975
627	552
277	580
390	655
639	665
182	903
132	140
493	568
693	518
172	151
136	310
10	461
571	611
309	860
925	315
285	337
990	145
470	932
318	591
520	944
794	482
971	403
960	744
194	849
667	659
836	819
417	874
105	632
359	210
713	526
721	660
919	894
48	459
215	571
12	842
607	441
288	311
302	193
961	469
31	857
979	856
870	359
819	966
194	707
465	957
833	190
564	474
350	896
682	255
767	103
955	746
957	878
675	130
60	961
273	538
921	669
433	112
1000	560
943	135
327	235
469	224
309	124
569	468
826	229
330	374
883	547
205	885
758	835
755	391
489	125
294	840
653	275
654	882
969	827
157	461
734	608
69	107
804	266
18	272
204	519
761	789
72	255
581	786
750	451
172	304
69	513
757	566
360	616
920	602
653	281
239	289
371	265
69	823
506	531
117	585
866	723
308	114
896	586
206	107
895	788
591	362
221	210
644	571
147	684
288	691
428	653
126	653
321	126
287	300
138	534
310	859
430	901
71	593
678	774
41	848
730	794
618	426
895	818
132	943
771	865
802	878
425	291
784	763
768	941
948	874
54	847
817	432
5	813
653	227
136	210
484	594
584	140
215	659
921	946
412	825
800	575
998	249
65	292
601	666
279	890
984	620
506	292
728	345
848	161
331	971
985	679
340	238
678	794
50	273
767	255
868	676
356	234
525	348
404	278
433	289
107	991
611	123
825	811
691	686
56	303
480	730
430	873
311	524
965	760
45	187
171	947
159	762
560	418
913	594
106	315
234	829
568	641
273	173
982	157
483	596
41	750
863	260
619	474
493	683
339	257
856	986
17	201
756	258
378	297
545	476
197	785
14	368
739	870
567	936
103	345
86	868
692	268
514	170
247	700
97	698
291	544
570	538
447	371
568	191
51	492
441	236
961	767
490	618
180	913
399	296
929	800
740	847
956	790
507	259
543	201
559	153
1	243
294	641
694	465
945	828
120	630
714	715
459	146
813	121
853	890
356	884
581	584
932	434
70	380
721	839
364	378
441	194
908	622
761	144
375	402
858	773
225	194
514	416
329	136
852	904
704	644
990	238
249	235
174	102
416	311
890	121
714	133
504	582
53	998
428	920
483	433
940	237
224	947
86	827
454	557
841	663
797	307
276	720
901	750
736	755
125	473
744	986
644	717
670	422
942	901
273	195
200	243
668	633
246	380
573	179
169	882
664	117
432	606
714	222
627	698
294	647
396	300
155	872
535	278
835	914
767	189
794	657
910	112
867	953
110	893
639	374
243	257
711	580
569	868
387	227
132	234
634	447
200	709
458	576
389	770
4	378
172	553
34	452
630	982
974	638
907	931
641	978
65	569
723	760
689	861
759	954
556	321
882	588
559	111
645	787
778	494
168	128
986	254
121	374
854	465
729	350
665	531
31	464
283	314
885	730
495	163
18	537
404	395
164	509
848	797
660	793
440	604
459	125
420	480
537	649
19	653
201	973
307	105
676	780
36	478
383	142
426	183
883	796
865	139
930	659
166	554
665	118
241	903
755	126
90	982
215	851
208	931
170	961
208	403
610	359
364	411
523	617
140	874
836	680
719	301
280	263
167	556
970	731
655	501
879	919
261	140
829	774
100	296
132	169
632	254
113	921
254	506
863	768
618	995
809	223
278	635
965	781
4	889
954	309
469	841
3	604
166	810
47	603
8	707
13	947
529	155
798	353
320	579
97	736
869	636
392	201
74	596
379	783
9	317
674	940
940	536
397	334
736	246
266	711
705	644
219	827
391	934
521	792
245	793
832	602
674	285
383	957
476	570
509	998
691	590
770	450
526	495
252	732
966	363
2	148
404	947
704	261
921	522
452	463
981	544
56	511
262	387
837	704
468	104
358	732
131	467
487	896
189	760
950	819
119	619
735	746
665	871
554	228
42	554
18	488
758	412
648	484
62	946
493	778
562	602
924	494
729	445
762	973
307	160
570	744
880	481
725	960
815	291
116	738
31	678
115	237
462	288
83	109
336	571
311	882
280	669
618	439
550	272
469	534
501	777
254	159
973	568
303	104
75	883
918	789
815	547
684	293
531	491
661	665
908	311
85	972
314	472
268	844
443	701
779	966
72	992
123	406
149	747
711	118
368	323
381	915
761	405
814	217
350	742
582	608
545	137
383	974
319	395
377	307
526	814
287	485
27	120
512	666
341	254
996	670
361	164
56	677
713	378
292	362
77	105
192	429
140	469
262	594
163	175
525	198
561	592
818	188
864	680
796	106
870	927
14	624
986	538
116	410
380	372
1	121
474	421
701	649
433	707
17	177
737	792
23	829
726	645
347	889
361	192
725	863
194	294
914	287
439	813
202	345
821	437
855	935
546	260
640	118
578	974
221	841
417	880
453	639
312	487
495	489
589	139
769	610
679	828
145	978
823	362
868	796
89	888
36	286
70	560
443	741
603	778
717	810
905	474
602	415
402	198
791	932
253	828
329	424
916	800
918	620
913	799
720	846
806	914
917	796
209	834
440	782
556	341
4	646
571	423
239	306
781	984
450	466
442	298
620	799
54	896
592	727
871	862
968	817
877	404
44	762
67	824
136	651
144	422
656	229
145	208
132	501
834	492
387	698
719	637
232	909
132	494
99	446
86	377
552	941
827	217
740	480
318	923
9	285
169	580
247	945
265	472
238	703
203	479
401	816
286	846
34	193
123	888
566	146
315	246
16	143
936	827
151	292
975	220
262	191
384	320
441	394
551	364
690	466
888	486
619	609
62	365
603	450
924	436
268	229
480	162
380	721
335	806
305	587
794	918
625	100
722	353
538	360
803	770
134	956
884	924
98	896
131	821
800	542
131	441
416	865
619	206
868	850
479	125
431	531
229	203
69	724
405	127
24	590
805	840
374	740
378	116
589	770
322	414
743	885
614	453
547	182
622	770
773	260
686	553
543	402
349	861
270	150
356	709
439	824
967	749
452	210
625	723
233	730
260	222
387	777
724	167
521	586
91	576
431	427
105	415
606	860
541	292
457	633
250	690
447	495
776	309
477	563
838	957
749	756
956	669
461	970
798	536
121	237
26	127
586	764
626	847
217	831
437	603
455	953
92	618
469	497
75	866
299	752
939	921
543	609
395	452
545	846
421	237
856	771
375	606
938	796
482	458
276	492
652	926
882	253
48	498
408	785
896	106
234	814
640	637
275	800
355	925
530	471
730	703
707	416
253	616
848	509
449	153
638	670
835	547
625	223
118	876
154	185
779	594
803	591
178	863
776	476
66	365
306	984
957	179
363	491
707	904
170	373
926	638
824	770
579	481
825	210
35	922
24	889
755	425
159	223
980	539
715	224
960	900
482	341
380	178
818	407
915	273
938	120
773	547
886	234
660	151
127	250
91	938
376	356
195	582
338	673
311	985
185	452
979	829
903	149
879	873
903	861
328	819
313	219
464	915
18	829
317	216
932	644
541	319
583	799
422	583
432	746
8	686
656	109
313	984
602	964
753	102
405	665
737	954
277	715
7	180
359	496
550	901
417	285
900	934
303	376
49	961
309	306
472	771
476	426
135	341
926	196
213	154
509	197
508	461
999	321
547	843
305	153
36	823
1000	189
728	682
599	717
418	285
356	960
738	869
718	931
533	300
578	474
118	399
891	218
191	967
906	640
744	886
992	303
401	278
402	330
448	458
47	994
306	224
335	303
878	264
911	424
327	849
125	424
323	653
891	411
776	661
759	190
122	961
314	445
589	441
488	612
870	538
991	315
497	184
272	670
200	188
486	306
749	985
177	351
103	150
302	310
290	176
505	408
741	539
424	456
986	144
540	164
52	557
743	389
162	684
740	147
134	609
830	812
812	230
722	658
58	210
227	683
384	246
313	606
738	237
318	354
140	601
325	656
985	392
670	616
896	579
852	233
155	948
546	243
452	604
9	956
813	432
380	498
44	982
734	149
393	885
838	787
903	490
916	617
162	674
380	956
203	224
757	215
238	598
819	304
8	649
942	420
118	245
38	701
639	476
383	241
157	141
608	670
580	452
414	903
794	976
721	947
258	418
905	779
378	820
742	848
187	560
834	975
465	819
88	682
142	275
82	662
962	392
339	157
991	659
471	680
544	532
383	834
867	219
269	114
123	787
596	573
389	776
110	682
886	352
637	306
249	592
544	952
138	845
937	788
124	466
290	799
552	298
519	285
240	893
560	204
51	145
835	406
203	296
229	479
959	299
655	174
232	831
42	611
27	583
658	243
367	788
855	767
752	144
422	883
565	398
926	867
183	862
993	633
611	339
76	529
191	257
273	988
313	549
954	390
733	698
663	746
53	447
763	643
131	133
860	310
71	830
702	462
388	264
389	854
690	107
739	667
493	875
339	744
938	589
269	165
470	307
121	227
406	502
851	891
355	451
422	539
115	742
469	116
626	453
169	498
190	716
602	194
330	348
86	868
251	197
240	591
817	587
872	933
473	125
696	783
739	558
700	103
841	248
267	224
697	996
665	956
328	716
750	990
979	896
79	719
741	405
232	296
361	916
623	605
470	860
77	616
409	950
615	999
240	717
460	148
773	148
53	569
769	117
494	361
646	323
965	325
145	122
665	400
649	346
985	579
518	396
644	815
569	674
690	487
265	494
248	546
669	495
984	542
861	903
18	412
107	690
766	411
700	392
572	741
245	492
775	933
814	340
122	493
787	978
74	317
157	749
412	233
41	318
865	502
738	833
132	857
935	945
103	698
896	973
922	585
354	541
976	368
233	254
915	906
154	114
590	271
954	858
324	708
895	825
236	835
693	201
291	790
860	944
554	325
375	891
88	260
877	833
841	568
64	299
783	678
785	502
67	822
975	152
600	684
507	124
61	104
481	267
253	359
281	380
321	318
877	327
719	269
452	935
51	846
928	206
281	740
33	673
127	822
637	306
176	801
861	568
540	489
174	136
280	898
384	985
220	815
783	325
853	227
347	310
818	308
909	684
317	717
799	145
994	775
656	143
458	783
84	619
122	825
471	364
74	737
86	790
145	928
319	946
754	936
70	184
563	797
435	937
925	778
155	687
247	487
8	652
206	933
787	736
364	608
690	757
192	483
26	986
621	612
491	507
930	328
947	234
563	605
1	328
871	318
749	103
416	298
707	697
861	406
258	910
562	802
971	181
581	972
292	997
931	510
207	783
100	970
262	573
39	456
34	980
947	156
270	347
489	196
552	675
504	610
790	639
135	268
207	782
686	668
919	898
962	748
371	171
289	854
186	367
290	648
502	500
871	243
633	773
936	199
162	928
528	135
853	547
808	425
185	919
627	936
613	651
709	290
44	147
393	602
993	434
199	390
805	119
231	262
738	608
422	205
987	351
910	649
198	434
526	484
467	679
269	270
204	373
198	332
127	703
627	177
737	595
199	510
120	257
414	817
290	432
553	127
56	819
641	749
560	265
371	544
207	433
374	307
880	876
281	645
148	992
672	900
527	204
646	673
413	792
466	746
514	124
632	753
61	725
10	116
483	581
902	422
247	363
505	620
218	147
308	781
301	612
983	760
355	975
461	621
265	916
458	491
409	699
885	263
220	470
313	351
239	883
288	496
882	323
764	882
982	315
903	854
179	451
676	446
161	952
173	376
944	427
322	200
418	526
955	745
829	678
698	207
187	264
241	398
735	514
902	913
46	861
331	558
79	639
68	131
171	522
468	720
14	854
246	659
201	279
390	331
806	353
912	923
950	300
104	265
592	628
385	130
685	332
776	641
844	945
736	473
579	743
305	334
739	178
710	677
883	247
97	957
974	989
449	762
42	838
269	259
309	585
975	500
38	336
238	394
663	576
644	658
20	929
130	556
239	115
720	147
617	730
479	404
162	579
331	306
925	856
103	520
521	744
724	374
478	870
998	680
883	115
891	171
934	253
603	615
757	816
327	463
122	217
293	708
388	539
763	503
957	333
103	552
59	232
167	848
624	449
596	524
400	384
530	161
554	605
791	785
397	567
894	141
580	782
258	326
791	632
243	125
341	523
322	904
974	601
568	785
104	843
567	839
740	276
417	333
685	751
337	777
949	933
642	392
884	319
370	429
281	297
290	735
339	721
147	370
124	929
295	542
545	391
193	148
68	954
737	727
581	647
606	613
585	517
173	175
685	665
786	232
523	135
79	244
515	297
72	185
523	953
137	490
628	194
438	696
694	448
239	408
930	433
55	565
499	713
403	780
540	774
363	535
269	288
603	311
23	666
304	328
135	911
376	655
809	835
42	891
355	795
176	296
477	260
261	676
992	230
933	233
329	958
691	653
472	150
446	856
624	519
640	945
668	937
200	450
750	438
983	408
213	993
541	695
280	885
84	518
786	351
777	429
500	237
327	944
382	477
132	446
704	694
949	907
404	643
280	980
771	577
24	761
202	939
862	882
215	732
204	715
180	312
967	436
66	633
768	640
723	514
24	154
117	733
249	157
759	516
294	777
683	438
459	181
758	178
344	526
965	825
173	261
930	970
77	468
346	236
843	589
389	605
403	682
792	297
97	758
488	784
381	384
136	688
252	296
235	189
866	238
812	346
170	419
249	911
308	762
635	927
211	316
739	222
582	506
679	257
196	896
414	206
780	934
768	403
944	365
671	441
978	652
436	402
456	581
775	878
815	411
258	919
886	715
418	529
269	263
779	330
884	846
877	390
665	588
987	905
359	653
841	860
459	787
268	888
756	922
698	772
994	597
704	541
517	946
527	385
300	486
472	485
929	891
599	995
208	854
689	904
553	117
406	263
652	848
941	587
125	640
204	674
973	923
262	936
973	678
391	612
112	734
346	193
603	214
797	777
418	471
106	196
808	245
837	346
930	643
798	618
788	145
216	894
212	117
877	219
96	901
261	862
381	364
407	502
333	340
579	445
925	527
822	761
834	619
928	479
354	704
504	355
397	563
542	467
587	403
261	332
621	515
342	357
230	351
509	776
839	734
557	230
869	802
987	258
892	854
346	746
295	279
433	866
565	417
974	389
959	662
75	739
565	298
437	239
668	574
71	286
936	592
952	770
687	507
747	121
50	306
348	371
127	618
394	151
278	434
167	303
715	426
504	395
216	338
118	245
561	217
452	972
307	687
26	971
377	340
653	746
545	463
624	489
930	429
251	946
454	156
17	671
855	216
268	672
15	405
72	181
581	439
61	106
793	162
846	321
202	732
238	381
724	942
584	469
633	627
146	466
833	543
993	112
813	731
302	993
118	600
845	160
568	381
807	337
540	730
270	763
615	860
314	251
20	842
919	974
756	952
231	180
403	257
149	533
435	108
819	688
103	679
390	390
565	952
847	599
76	604
763	134
813	133
993	228
350	831
559	826
130	761
150	436
770	483
543	581
568	284
292	234
341	807
709	142
867	947
241	886
867	633
741	309
550	230
676	497
478	696
585	645
447	556
329	235
629	945
697	884
368	706
685	978
169	263
268	956
164	677
124	752
178	410
400	706
893	572
579	246
312	571
422	811
536	817
847	920
426	402
280	494
5	266
862	933
943	967
461	394
535	162
894	291
284	340
156	694
134	399
697	180
744	807
947	185
225	469
950	652
894	819
763	334
92	149
12	123
836	460
730	864
956	168
876	534
367	408
91	363
425	241
333	153
805	531
265	940
83	354
286	958
238	399
251	153
414	257
778	746
931	169
865	518
506	517
763	187
810	705
542	576
662	391
587	353
207	222
428	257
282	824
169	892
699	143
733	735
297	672
858	263
431	790
887	991
483	761
615	835
894	854
61	358
725	955
857	997
630	419
513	240
626	668
201	560
393	454
118	435
456	285
45	960
696	495
536	663
574	657
657	348
737	957
362	531
356	293
826	700
225	197
292	855
491	504
916	337
252	393
966	694
362	368
412	365
675	173
439	818
657	903
185	382
264	215
204	673
170	323
634	504
49	918
349	716
149	440
918	235
334	759
515	840
185	575
236	988
757	298
919	261
759	759
948	505
548	428
951	719
699	972
629	782
812	534
28	309
886	478
704	611
386	475
281	395
874	1000
619	216
400	706
221	717
295	696
374	464
511	862
748	558
59	571
44	129
550	839
530	323
803	819
159	428
563	365
565	521
951	567
580	440
741	613
450	558
299	602
662	239
301	755
955	470
808	726
42	701
205	849
142	317
954	672
556	392
111	874
110	987
300	477
614	770
398	609
544	648
829	174
118	611
574	188
736	641
151	899
453	193
328	830
138	263
457	326
290	499
957	783
576	850
622	163
85	441
795	115
118	405
327	777
939	550
902	114
535	603
3	111
4	677
575	546
129	618
127	260
556	519
463	679
136	115
792	871
480	872
688	777
231	658
104	489
501	619
272	736
614	666
174	129
760	793
602	999
1	524
705	681
29	365
338	805
697	136
546	560
94	997
515	622
639	473
547	682
207	210
922	886
834	758
271	659
415	734
77	383
524	742
220	323
45	830
548	989
696	893
46	582
870	235
459	717
942	248
435	848
936	886
388	192
386	964
681	382
403	709
159	169
144	998
868	128
935	134
177	648
155	296
227	979
818	871
819	306
268	518
898	382
907	158
710	842
263	989
305	861
941	852
377	558
79	458
59	726
116	439
812	696
788	852
919	687
810	300
114	914
411	972
790	947
139	801
676	949
792	964
154	412
323	862
113	418
880	211
463	118
135	408
56	909
587	919
783	643
748	288
26	983
863	156
104	727
632	128
975	135
383	228
274	875
399	519
393	184
616	659
799	622
288	599
592	592
549	307
853	666
174	796
61	164
186	406
518	826
709	867
133	753
764	398
84	887
877	521
551	391
475	684
542	127
282	719
997	101
744	327
45	951
58	996
930	898
739	636
36	565
809	487
13	631
987	780
875	119
780	637
843	175
480	655
749	227
904	536
349	332
458	629
114	941
769	301
559	196
765	894
608	769
798	371
711	651
282	302
714	587
864	230
905	342
646	321
659	145
746	428
215	317
4	764
472	202
918	574
412	470
344	267
940	959
178	905
795	713
396	532
17	196
217	446
854	435
443	224
441	424
763	297
500	307
399	133
881	714
220	708
90	346
527	939
278	697
721	365
618	564
373	695
325	541
28	853
241	143
839	208
467	404
965	522
823	897
887	236
282	133
530	528
528	936
435	311
864	541
316	749
718	536
505	369
120	996
242	628
591	363
915	633
226	639
301	773
432	315
144	436
20	749
118	395
208	796
201	791
287	293
919	471
418	349
123	918
893	852
643	491
635	508
19	435
519	263
915	440
496	208
987	976
642	923
23	244
612	244
245	763
516	809
985	592
663	957
783	974
796	440
461	101
884	438
430	684
869	333
765	111
935	423
656	652
596	766
761	842
473	187
88	136
145	623
569	528
334	270
583	609
531	579
752	690
125	542
537	527
116	585
726	212
41	640
934	694
409	579
89	390
557	730
738	288
822	852
527	629
668	359
453	804
664	963
922	893
839	774
150	945
928	388
450	722
757	123
147	625
964	447
759	681
743	515
264	671
658	332
945	771
29	349
702	550
391	652
670	952
95	581
290	843
660	116
183	327
151	800
600	674
25	100
16	301
54	912
852	179
193	986
819	666
276	778
878	153
477	684
629	665
383	903
742	380
843	884
604	210
103	253
571	746
725	884
862	209
650	951
986	773
725	169
574	501
215	486
297	997
847	386
622	754
252	528
399	211
667	843
860	198
65	232
708	224
744	385
851	120
597	844
784	371
81	405
47	308
506	658
929	653
753	266
480	615
481	995
529	574
434	919
481	597
483	182
243	427
826	129
855	234
98	624
284	352
9	377
970	967
515	782
266	594
715	425
28	186
935	868
503	922
570	225
502	615
751	627
698	303
57	142
257	873
387	662
817	687
574	961
154	916
634	764
996	670
659	415
487	947
992	480
674	572
796	608
202	835
694	812
263	846
529	694
460	342
597	339
597	432
927	158
326	897
363	400
682	375
148	933
740	981
545	275
909	928
374	428
770	793
306	512
996	291
621	109
140	616
586	687
377	468
550	486
86	513
143	833
221	171
356	397
808	548
973	123
937	637
887	834
576	330
25	164
154	538
372	225
573	778
126	848
120	624
201	410
312	117
728	898
586	813
45	220
537	569
132	906
389	382
901	348
218	137
158	645
363	561
859	896
248	984
511	742
454	802
158	510
565	775
238	713
658	339
505	409
141	156
376	432
472	820
876	621
519	564
514	912
989	873
532	439
661	661
343	803
494	618
667	289
672	546
161	325
21	521
93	104
916	889
173	369
761	624
172	644
162	842
815	700
777	300
374	281
841	368
412	153
618	595
873	226
264	673
502	968
538	667
808	221
651	405
482	189
760	711
86	172
536	107
267	622
653	114
470	984
667	524
993	678
562	379
350	714
961	859
987	425
809	975
524	172
718	407
106	468
3	172
381	602
542	110
854	481
743	534
700	225
57	703
770	717
787	156
408	668
111	398
298	755
321	177
327	135
93	616
500	748
18	448
191	305
600	447
706	544
520	445
517	889
398	121
751	633
227	629
355	142
519	674
38	731
496	102
47	771
483	909
473	558
101	654
563	476
82	283
932	575
304	453
310	777
482	938
635	279
996	555
968	517
777	625
795	874
935	686
102	685
696	956
292	311
568	391
264	842
878	752
950	985
409	435
135	126
426	338
6	400
658	282
868	723
771	402
866	549
812	292
699	908
724	639
463	252
44	595
863	723
897	196
798	841
862	704
876	992
432	700
515	612
523	449
182	377
94	377
753	298
650	367
762	413
623	945
158	118
560	685
462	128
882	524
690	496
592	594
387	171
368	975
753	369
331	255
338	965
133	708
44	752
693	104
324	331
730	331
964	174
909	619
123	790
769	467
489	119
521	125
146	229
872	569
178	339
897	932
164	965
699	155
907	459
822	173
31	884
51	966
755	317
103	466
822	754
548	111
371	279
325	621
546	958
854	326
180	887
100	717
38	333
819	413
200	969
926	640
148	869
176	604
794	646
349	603
958	907
619	549
672	375
246	404
794	248
363	299
307	503
135	524
210	942
444	489
530	846
527	242
583	590
87	304
171	910
780	199
353	917
891	734
678	521
505	367
421	567
774	940
304	996
953	587
24	139
517	763
738	504
186	547
813	701
996	715
327	950
22	410
882	361
869	503
791	655
978	951
127	326
665	888
961	860
379	707
137	529
16	996
26	881
812	680
867	192
499	993
165	487
232	520
352	910
169	697
495	708
858	668
240	282
822	270
94	345
196	913
841	165
34	639
919	118
823	192
494	659
240	621
236	170
204	882
1000	550
660	424
308	241
210	274
424	905
507	568
439	466
383	776
516	208
909	667
48	479
361	145
72	323
888	500
665	767
454	844
27	621
35	800
101	966
562	481
55	409
833	658
881	536
649	444
249	375
23	323
982	721
619	309
69	368
335	678
278	316
895	331
575	129
678	886
343	263
78	496
445	724
995	312
589	126
97	380
235	841
95	668
342	286
527	790
370	420
509	734
248	929
46	190
483	323
353	728
313	976
10	573
435	985
185	597
345	246
271	141
227	780
855	274
405	154
356	625
990	355
863	248
201	156
438	342
501	174
93	286
510	965
515	115
11	887
549	967
629	621
490	631
183	584
783	139
73	104
156	715
319	773
346	815
502	184
403	756
139	647
437	523
605	737
79	834
64	860
974	327
252	123
64	664
178	646
921	137
369	212
416	895
259	679
628	874
57	888
497	587
388	428
629	429
243	681
580	809
385	322
460	186
556	899
283	379
825	269
712	235
700	279
431	260
33	848
454	702
674	388
138	188
327	508
280	972
227	345
75	203
725	356
993	110
582	240
689	806
806	922
757	978
678	448
341	267
761	381
154	309
953	668
771	264
530	641
843	887
375	891
383	899
291	892
75	900
374	758
989	310
896	625
911	344
972	601
379	283
941	898
531	166
870	923
684	294
942	460
861	279
999	364
690	444
696	945
78	564
472	945
261	122
931	587
761	411
488	432
766	611
760	276
765	461
760	227
452	416
109	339
680	918
728	689
494	129
403	887
40	633
61	137
540	754
163	667
262	864
635	869
1000	708
736	396
424	336
926	872
283	911
985	228
237	158
360	747
762	733
78	814
979	304
200	312
492	937
650	374
28	526
449	158
970	467
711	918
232	880
124	974
341	357
403	531
229	440
940	890
172	251
208	204
286	538
231	554
593	847
692	597
398	749
255	103
750	820
413	615
335	326
433	292
688	993
230	562
450	690
417	754
59	144
272	995
460	575
834	572
18	143
867	509
381	491
374	841
835	762
637	380
260	854
711	956
865	112
841	339
191	596
606	295
18	757
24	917
543	291
148	291
913	692
368	289
414	867
954	761
270	440
805	386
57	437
14	346
980	950
463	445
575	123
245	210
672	144
650	491
457	366
885	153
453	642
686	484
284	950
294	617
623	873
329	848
987	127
727	788
851	978
545	738
16	318
724	304
498	345
669	571
844	872
753	605
667	518
238	339
765	811
914	566
520	918
938	598
462	289
541	379
830	181
481	706
284	140
494	238
216	579
221	583
618	654
66	833
231	879
933	563
338	429
56	159
376	766
532	891
857	222
578	832
524	538
712	503
956	101
35	900
814	881
72	679
236	638
967	506
405	310
867	287
480	974
299	517
414	995
224	603
805	875
280	364
49	795
420	133
565	254
572	875
265	811
801	168
23	513
129	900
376	509
123	851
526	580
300	187
308	440
666	279
931	233
742	637
717	693
434	623
620	721
229	912
223	896
913	432
64	541
84	809
948	307
620	698
446	252
341	566
587	740
803	898
313	172
351	675
236	984
484	704
341	948
655	593
213	530
159	920
494	692
57	999
153	448
199	546
254	970
62	401
963	874
245	368
149	129
778	571
840	344
283	945
474	757
915	423
113	253
191	642
741	838
158	813
297	606
800	706
764	895
914	254
953	326
92	875
16	118
418	255
464	191
771	967
222	762
269	185
125	271
339	737
129	504
768	792
202	170
627	491
859	382
78	311
500	512
855	129
500	622
648	450
664	396
183	395
12	477
473	148
194	332
428	249
251	646
956	591
376	546
798	699
437	519
443	702
834	719
737	972
127	492
670	703
550	430
996	563
901	491
447	433
286	454
330	909
356	479
930	641
313	693
116	329
9	428
905	843
275	937
850	979
550	473
273	921
737	178
950	284
92	350
533	524
620	644
928	177
810	409
661	752
688	469
800	598
379	873
302	883
407	877
518	261
961	208
672	347
85	193
504	191
563	694
827	178
231	558
310	824
42	355
89	315
779	863
279	771
909	249
591	940
857	116
411	386
396	907
841	167
446	164
579	482
919	945
57	803
878	239
606	650
588	729
183	105
566	230
217	263
861	608
911	325
939	125
459	652
109	720
468	597
743	249
131	705
243	384
617	513
202	408
650	103
150	475
42	915
554	604
224	514
463	957
81	143
461	949
998	795
52	293
233	220
743	362
870	875
177	756
66	812
414	114
413	235
140	713
536	873
263	268
158	666
788	164
361	947
347	775
638	551
291	870
620	615
683	449
380	523
271	338
529	126
188	807
462	428
736	417
521	502
31	610
867	575
235	143
380	940
578	702
746	658
769	444
590	168
838	688
798	801
553	266
820	110
976	321
106	303
426	349
994	891
653	261
94	638
34	902
744	941
60	829
400	337
183	376
779	665
534	363
532	822
582	729
426	249
296	138
535	583
9	404
532	693
152	261
109	737
169	866
295	589
621	875
144	342
168	968
158	682
696	238
421	217
625	804
695	388
274	355
32	214
438	977
263	923
505	409
582	981
290	461
711	822
200	559
781	718
893	531
112	626
250	371
941	162
292	128
914	627
784	406
344	399
367	823
649	450
47	387
504	399
852	806
544	846
947	817
812	982
628	265
817	364
418	543
293	919
939	558
720	442
878	245
802	564
259	107
246	870
150	330
447	358
455	600
46	222
680	211
403	149
336	294
426	626
858	278
511	243
955	349
339	676
307	881
761	433
359	663
914	925
464	232
280	468
232	858
280	119
530	981
664	400
921	833
72	330
816	944
385	886
430	611
925	430
337	508
182	934
593	342
544	964
75	887
200	836
79	714
164	900
72	478
546	531
381	149
407	311
994	891
464	931
932	785
611	774
792	517
210	446
562	665
102	840
205	309
149	946
768	301
755	982
898	918
419	699
305	584
90	426
694	973
762	688
222	188
57	379
591	728
155	701
226	898
555	376
416	587
863	225
26	890
284	914
892	870
309	983
810	497
129	586
772	429
91	157
842	521
724	673
658	821
23	175
75	523
262	747
248	874
575	178
131	389
361	287
444	415
529	890
646	135
600	450
137	789
479	527
834	764
515	625
601	834
961	254
525	311
697	937
727	266
972	439
384	408
417	802
52	198
152	108
716	311
552	564
957	536
158	850
162	343
787	371
524	734
836	894
803	529
11	349
323	854
311	997
729	497
698	320
960	845
102	902
64	781
560	151
536	170
561	370
428	487
504	553
169	882
706	566
26	774
532	872
704	630
957	831
993	571
635	531
313	351
421	735
403	410
64	999
921	301
660	554
110	573
522	197
931	578
774	878
300	648
574	357
403	731
975	570
331	891
689	358
713	839
352	514
730	518
310	856
10	221
741	958
93	183
195	738
860	302
442	859
762	590
383	616
883	591
862	526
952	887
476	835
674	908
195	978
587	475
269	340
998	573
195	963
726	934
641	956
483	331
737	863
216	855
224	242
29	683
61	633
68	495
505	339
882	289
857	855
455	496
531	942
593	501
291	729
848	118
696	862
317	427
192	431
856	910
371	432
710	946
758	677
842	405
53	379
208	437
190	546
805	553
287	284
866	358
822	444
605	568
867	212
627	530
586	389
4	924
894	638
64	864
441	874
311	772
59	278
857	737
609	481
997	550
59	685
223	520
817	631
827	649
694	992
968	187
723	291
531	909
328	606
56	704
79	498
853	511
787	191
849	490
881	208
68	591
862	321
599	804
467	916
383	923
829	289
826	596
804	893
944	966
802	270
585	915
134	502
975	893
92	817
155	999
206	257
40	292
613	296
686	537
241	488
724	192
352	476
201	834
476	329
905	887
337	659
84	314
363	187
756	538
970	941
233	822
855	296
642	624
632	858
729	504
77	417
225	525
415	303
944	815
511	646
529	554
133	669
803	445
803	672
172	684
119	564
291	474
3	876
900	387
220	453
343	760
309	587
842	801
486	765
294	579
297	691
193	695
663	294
496	370
986	692
846	920
286	386
994	448
19	784
126	420
484	577
613	678
4	215
212	798
717	262
254	688
100	830
434	655
547	176
525	855
355	907
381	742
984	598
841	580
238	125
762	962
833	145
56	479
79	530
868	769
210	178
665	353
192	691
750	492
66	576
545	405
479	423
879	422
260	562
458	596
66	879
424	419
761	182
429	732
107	272
853	784
997	698
936	875
838	903
319	536
601	704
623	935
363	230
371	737
309	237
328	799
82	223
430	996
905	150
311	500
151	502
535	588
706	649
782	647
406	319
333	690
427	103
50	384
411	905
582	243
501	572
296	680
792	335
264	801
728	146
953	357
148	800
993	143
901	616
322	971
943	282
563	590
256	294
41	793
543	543
512	830
737	134
135	716
746	148
109	643
846	581
321	391
751	712
769	189
341	149
270	478
485	767
772	449
387	543
640	294
552	526
722	919
363	110
641	412
64	572
368	495
639	770
948	212
315	900
952	293
600	572
45	708
358	867
367	393
35	485
888	510
56	173
609	646
663	607
56	429
688	895
26	336
132	639
142	488
159	642
784	118
987	514
465	736
673	356
748	680
633	275
633	949
36	249
458	452
638	349
824	995
466	986
440	307
320	680
226	422
975	646
459	461
337	263
416	821
97	396
982	845
914	173
664	171
896	827
277	209
913	413
398	558
839	380
893	566
55	946
505	936
406	804
20	643
276	496
339	412
872	235
459	174
566	579
432	688
929	362
8	919
172	822
830	1000
424	335
826	883
705	963
661	341
924	521
701	143
511	431
929	452
724	395
89	864
918	104
685	851
173	460
286	640
38	648
659	329
29	985
5	767
669	175
661	745
588	567
285	606
763	225
777	478
413	555
348	548
835	272
789	895
674	118
645	458
595	111
937	559
268	169
926	209
294	360
898	457
902	841
247	352
792	181
662	439
62	293
297	740
928	422
559	693
779	1000
544	829
211	105
674	565
65	552
595	544
758	411
408	930
494	199
601	480
787	410
970	837
139	888
655	224
705	673
719	605
655	243
840	568
401	525
5	917
694	488
859	306
115	951
194	887
182	527
170	887
78	889
764	832
712	957
595	593
746	126
937	573
436	822
950	593
385	831
828	116
251	939
300	782
324	952
556	741
488	913
135	524
381	846
830	847
479	751
930	498
192	803
297	461
710	480
166	297
874	307
589	879
760	722
996	350
86	768
77	785
948	694
489	909
306	492
895	747
112	724
260	829
604	504
202	960
763	520
730	819
810	207
57	311
851	981
627	131
935	575
259	390
460	767
635	459
200	977
810	541
889	910
542	946
248	306
800	778
846	910
816	952
557	923
483	726
513	798
860	626
933	468
229	394
9	777
33	765
387	598
651	815
534	447
1	520
857	576
783	593
880	857
620	906
695	206
515	550
765	377
681	432
685	694
663	795
621	154
560	413
714	884
933	620
855	922
953	278
532	278
710	880
742	911
566	792
941	620
829	421
884	874
23	469
561	363
176	395
813	853
891	476
553	334
156	686
104	863
194	450
453	974
928	266
919	730
530	540
148	529
745	762
513	563
29	127
803	358
203	355
748	881
620	321
416	178
703	249
125	106
907	197
13	757
689	337
683	469
415	959
953	386
39	434
499	417
966	321
155	348
406	428
902	320
275	184
664	157
458	993
251	539
995	747
438	559
392	397
273	790
315	984
771	551
394	118
12	654
585	487
275	608
803	915
644	934
130	217
3	255
858	108
116	279
564	672
752	856
69	335
601	498
691	674
513	887
838	327
585	314
681	346
636	246
261	178
658	920
265	670
253	741
624	232
175	954
966	114
615	855
876	899
402	188
303	170
825	630
196	733
776	613
796	158
786	667
670	417
211	778
103	268
787	415
932	729
61	877
422	970
493	562
885	310
491	747
394	390
410	991
288	943
576	497
539	562
790	719
1000	681
676	339
704	682
556	770
605	737
524	240
705	128
12	779
169	583
58	767
327	392
353	973
391	476
713	602
776	102
195	153
46	684
264	957
151	481
6	229
677	404
235	585
332	103
938	827
347	951
662	388
853	738
845	839
378	753
447	442
99	555
488	516
713	268
994	454
968	944
671	386
453	983
665	404
193	208
414	532
927	680
399	459
680	836
98	739
915	657
821	802
748	378
399	965
450	579
898	586
834	322
250	579
632	984
699	678
881	318
710	147
910	628
830	531
231	682
581	884
863	643
408	631
941	138
686	971
581	778
479	114
864	814
195	607
662	876
505	904
875	474
903	144
743	342
455	902
15	654
307	806
73	579
809	555
395	559
117	595
260	600
425	859
186	143
802	373
942	363
134	362
417	289
786	607
187	477
197	507
179	550
998	440
238	430
272	107
616	968
314	307
864	190
70	471
485	636
965	793
766	858
137	660
795	916
935	269
590	249
48	318
866	221
515	972
675	483
456	637
262	486
735	446
770	807
257	549
696	662
372	925
751	482
357	221
159	642
69	279
363	635
584	126
491	489
601	917
22	457
584	143
790	885
449	562
23	802
900	715
373	965
732	191
106	487
314	441
997	291
468	258
623	787
384	853
649	880
39	489
491	856
158	511
836	543
498	806
99	371
666	275
441	438
4	365
400	273
805	718
415	685
241	657
405	310
144	816
213	734
188	161
380	707
848	400
720	818
926	844
362	860
331	111
873	429
334	909
441	344
963	637
105	400
776	440
982	414
961	956
960	415
545	412
220	723
250	997
403	830
648	151
720	565
35	595
218	331
272	978
476	354
780	529
264	448
457	271
780	893
838	982
275	929
942	214
808	804
517	406
614	756
301	234
940	387
913	311
551	199
325	406
402	699
54	606
128	611
885	337
924	867
693	119
943	503
139	602
858	927
87	822
944	260
458	122
358	342
272	997
9	658
421	363
864	182
280	284
584	350
573	660
843	280
612	744
117	960
202	483
418	349
622	304
801	519
623	144
907	783
797	482
428	720
201	506
729	778
461	795
216	630
832	882
837	228
362	808
21	207
489	691
839	585
676	420
590	726
556	301
651	989
9	598
189	892
41	915
761	927
410	632
174	776
917	266
489	739
701	582
962	596
581	493
4	915
534	253
375	893
4	468
396	541
840	462
63	155
996	976
679	940
906	246
280	348
187	354
775	634
545	746
504	936
918	788
880	866
810	709
781	589
826	303
194	523
36	468
554	998
744	478
301	525
873	696
160	671
952	906
25	486
608	493
546	975
543	391
372	658
595	562
715	565
498	657
494	502
241	793
311	864
311	903
445	473
926	448
112	947
610	454
294	416
374	289
908	389
597	834
348	851
412	383
497	422
88	312
149	456
609	210
344	524
957	124
193	275
50	721
848	625
129	692
343	937
198	851
606	102
508	592
962	693
601	838
642	334
247	707
428	601
855	349
246	549
339	798
428	494
319	187
887	415
690	980
661	291
885	753
161	670
137	657
400	982
461	683
691	546
125	401
304	142
112	287
361	472
616	698
75	180
278	452
393	330
90	273
592	814
331	490
358	248
764	419
59	712
826	385
540	682
282	561
813	244
479	534
309	634
98	750
15	569
214	195
553	225
880	130
990	944
86	203
102	561
10	289
578	459
502	679
910	355
330	125
471	881
751	609
737	145
413	448
980	359
751	603
717	749
589	134
374	778
414	974
248	612
454	676
925	558
630	905
882	797
455	124
421	371
216	672
879	450
752	549
813	100
873	146
149	726
814	327
770	379
772	526
559	437
503	405
452	526
194	892
365	550
211	800
293	218
285	852
512	201
475	815
983	567
835	955
947	156
579	657
875	214
145	915
661	743
430	741
289	251
406	554
484	640
361	665
143	330
550	565
115	535
668	890
376	233
116	724
650	631
721	533
16	536
693	464
958	807
796	247
815	399
72	338
207	670
548	555
413	954
641	349
153	882
156	286
404	407
598	523
141	366
934	240
46	601
669	109
503	908
338	331
566	726
372	656
528	631
17	642
648	468
847	617
954	120
633	775
172	589
690	337
654	462
917	109
683	339
949	691
573	695
902	790
735	493
249	316
281	314
213	976
667	699
11	652
853	352
826	524
514	971
318	810
270	212
246	842
2	600
778	232
360	764
676	619
798	198
94	170
776	518
303	248
685	136
467	747
207	217
491	454
770	499
885	332
152	854
826	753
890	902
461	324
612	928
405	842
236	724
9	242
900	440
748	123
918	580
578	608
825	495
503	800
265	207
341	366
573	695
809	368
780	438
852	773
330	629
380	307
220	117
236	930
438	988
282	427
296	611
675	889
332	823
232	850
223	524
604	106
759	721
288	977
142	858
293	578
476	529
611	883
110	810
187	113
452	484
698	890
484	858
126	471
273	778
380	669
642	811
620	563
519	992
350	523
857	939
16	785
127	685
515	837
43	685
96	577
559	950
252	836
417	369
671	148
99	733
830	667
400	473
301	538
871	330
880	164
497	419
650	223
852	306
23	687
349	286
236	110
764	506
492	432
557	367
445	309
419	360
591	815
614	553
497	928
511	474
667	952
357	480
596	833
860	814
853	730
684	823
718	521
340	151
572	979
367	704
830	522
667	256
309	501
56	892
835	361
669	634
651	337
286	993
507	573
575	469
178	720
658	600
548	208
285	165
680	821
655	792
73	753
975	947
86	373
242	802
664	349
216	135
312	157
855	488
702	924
312	868
641	152
168	872
55	455
500	316
881	187
645	506
729	915
203	224
626	203
127	259
260	798
893	490
124	737
338	953
290	315
296	750
810	517
568	292
720	489
257	840
768	990
422	682
703	600
788	693
787	518
551	560
836	190
980	115
882	184
310	501
205	567
448	864
592	986
767	140
525	596
159	299
546	356
723	686
715	712
435	705
423	880
199	336
222	965
223	598
39	897
527	537
648	853
675	188
605	321
624	555
193	108
431	933
25	983
29	309
932	689
509	475
300	124
523	443
948	698
643	907
220	988
700	801
372	917
973	476
796	599
935	397
186	350
478	333
542	856
52	868
854	720
200	744
439	605
663	513
650	467
58	878
182	903
561	731
1000	343
754	416
863	590
477	619
938	411
279	814
562	857
390	963
252	113
875	706
263	813
98	965
726	458
862	987
633	407
544	918
308	669
797	497
662	184
917	602
435	817
936	213
409	686
845	554
150	937
594	718
68	438
505	311
152	151
832	282
797	812
957	140
223	258
461	629
904	527
315	827
655	282
968	548
707	835
606	957
113	408
987	656
783	905
389	474
498	967
596	851
687	783
377	895
602	555
305	574
271	510
644	121
221	188
33	360
932	494
77	239
572	187
972	528
989	692
910	115
999	821
550	121
558	884
657	761
918	447
207	431
402	702
250	941
187	368
584	468
887	358
377	609
605	768
71	889
756	281
660	805
526	870
927	132
968	275
818	581
446	565
728	950
287	591
276	224
886	534
700	609
238	185
72	503
693	915
315	578
145	294
679	324
732	155
653	578
950	822
155	514
188	800
131	839
657	228
676	275
782	104
448	795
719	126
815	193
350	652
828	196
610	411
528	266
300	950
233	841
468	336
756	988
920	739
818	195
645	471
267	971
713	289
327	690
380	491
961	928
456	484
661	296
300	166
841	370
156	975
574	647
325	792
546	730
282	153
637	513
9	437
156	749
867	897
840	120
310	620
534	613
421	472
119	742
382	431
457	946
413	926
612	581
200	998
509	260
376	306
697	620
195	432
491	883
494	300
814	786
346	839
57	497
383	593
316	536
881	331
322	370
917	317
432	719
888	127
253	157
16	249
616	869
921	931
173	836
203	113
925	451
933	427
255	131
986	490
965	518
724	381
912	894
961	202
27	282
487	981
156	544
352	973
30	115
883	302
318	236
920	255
478	849
328	885
375	285
187	499
268	964
18	603
895	484
13	763
554	314
501	437
609	690
890	406
145	222
77	244
452	810
211	767
325	458
252	510
8	864
930	874
813	981
444	521
800	191
399	518
213	746
379	938
393	878
53	674
987	836
49	294
748	710
717	656
786	612
114	367
408	574
658	740
487	632
202	363
636	885
930	894
951	577
835	719
914	656
373	258
80	795
118	314
883	836
937	798
97	910
785	786
78	124
249	280
134	200
284	292
324	932
760	319
931	503
677	972
891	773
575	793
352	987
456	717
275	943
474	325
729	669
778	944
49	363
60	408
673	849
660	195
321	248
13	362
300	915
165	478
810	438
218	426
152	298
790	356
197	534
296	974
257	400
155	943
400	737
56	608
747	551
738	913
272	426
98	751
3	532
120	542
220	116
506	813
982	416
884	970
155	855
924	157
337	238
288	586
581	213
310	754
455	842
213	225
988	357
614	829
820	380
768	912
808	906
822	880
393	148
730	753
191	617
341	608
303	232
115	156
587	279
283	517
715	658
728	961
829	350
577	715
822	544
568	582
518	706
870	632
741	637
649	956
622	716
870	429
677	416
344	485
389	851
607	352
189	209
787	563
762	656
704	738
532	237
445	356
571	922
593	161
373	969
534	746
448	232
84	909
727	353
292	196
527	291
518	216
897	698
731	312
54	597
513	231
178	352
60	526
424	147
708	930
455	294
624	194
417	904
162	160
270	917
622	636
731	466
284	976
851	129
490	790
50	973
890	590
325	105
96	634
729	155
10	984
72	431
189	556
141	171
417	954
861	603
109	853
518	872
310	308
425	745
810	614
231	216
426	136
427	348
800	967
120	880
953	424
611	705
274	232
456	212
532	393
647	673
744	812
118	103
292	633
920	700
303	978
533	122
10	791
499	548
229	114
839	810
823	712
782	434
381	477
53	688
766	895
39	677
992	389
844	545
96	206
334	592
791	392
376	589
984	350
899	954
717	643
866	266
108	319
404	649
986	736
769	796
148	963
983	136
879	171
474	473
500	817
470	204
239	906
159	647
62	894
545	598
893	696
989	253
864	188
251	883
764	303
246	144
33	809
418	902
39	137
801	925
827	363
113	995
228	881
778	684
422	540
945	463
984	317
933	153
995	948
978	669
787	776
546	973
91	662
366	998
961	992
382	925
848	416
232	302
874	520
220	358
161	579
15	785
331	544
506	361
556	311
986	269
877	899
891	438
961	792
130	599
40	324
916	432
558	296
444	787
762	515
273	825
746	612
192	252
569	925
231	667
674	758
444	783
540	369
687	749
203	706
3	695
816	198
356	398
642	936
985	449
801	744
865	707
690	627
994	908
289	716
32	835
272	605
682	971
64	426
280	898
892	234
888	577
64	126
969	349
424	853
72	991
496	628
750	765
161	224
795	558
677	203
544	905
518	371
426	198
898	926
528	380
879	670
7	126
56	493
775	782
642	424
138	861
254	331
113	424
56	751
944	828
962	629
168	304
490	645
828	893
938	967
226	727
495	230
86	832
513	540
421	322
743	127
395	956
697	224
193	713
402	559
34	512
86	173
844	679
365	367
518	703
169	279
129	544
358	529
894	208
846	722
212	661
51	589
700	403
154	564
390	893
761	852
497	888
804	307
923	712
851	390
529	807
858	223
386	886
801	822
435	940
912	264
763	232
226	769
332	841
785	754
737	272
60	972
587	708
720	130
946	638
179	647
244	281
525	356
988	860
908	495
329	686
446	264
278	986
695	827
763	295
883	918
231	658
857	522
623	286
391	315
607	357
952	286
721	626
362	320
546	702
345	944
613	714
877	313
865	269
553	443
926	667
584	520
63	125
834	639
218	428
58	694
518	209
452	607
665	330
153	529
762	340
728	392
20	892
106	524
531	605
537	550
807	713
133	367
694	222
46	153
259	940
181	291
880	352
581	742
871	398
445	200
958	384
854	474
605	712
864	630
440	350
2	651
607	156
379	209
49	830
886	733
228	860
86	514
405	987
123	248
272	343
945	349
631	491
889	310
181	352
10	945
801	862
398	115
845	150
836	978
819	517
884	727
375	597
997	389
108	915
431	463
55	206
434	510
746	192
106	581
989	616
39	339
767	311
16	405
157	839
11	528
967	799
467	712
256	303
171	853
475	558
74	541
777	570
445	189
377	141
668	212
435	516
516	653
244	278
248	178
19	223
857	375
533	838
380	173
53	781
276	900
145	930
192	268
343	121
405	892
608	564
241	578
841	477
400	270
476	789
354	550
987	105
408	672
170	179
712	605
641	750
1000	795
223	424
418	406
361	130
878	429
355	940
535	301
973	834
426	112
95	757
96	605
876	855
326	762
983	106
66	412
566	109
884	481
927	768
49	448
326	458
682	478
369	553
533	597
955	762
270	310
771	794
599	143
883	112
514	325
960	295
598	366
304	582
364	996
653	780
878	217
888	892
916	759
791	905
258	211
61	548
9	875
496	156
272	358
242	365
247	615
722	674
557	981
835	179
35	983
118	571
374	178
859	388
791	194
54	400
678	994
410	1000
596	817
965	222
272	356
790	624
467	428
318	250
364	179
133	358
542	105
469	852
917	466
723	920
485	713
489	261
364	391
671	842
581	829
664	612
336	927
490	117
452	533
85	172
772	751
365	684
514	876
35	377
686	167
376	922
758	969
693	134
353	416
691	183
476	218
530	552
400	682
19	989
225	282
49	995
681	805
967	477
58	635
926	552
268	741
25	693
170	649
87	515
181	129
78	157
927	924
123	325
687	270
919	628
954	390
387	187
823	137
179	338
691	518
198	744
441	522
337	896
738	807
488	922
844	717
450	971
639	357
690	325
949	534
488	984
693	888
265	543
621	422
137	760
600	911
503	937
625	903
233	151
110	943
477	293
397	836
474	322
347	401
977	837
933	373
2	452
296	854
96	696
268	469
321	479
424	905
262	818
336	635
915	335
568	751
771	132
248	777
465	223
482	898
355	880
470	108
448	320
987	745
345	509
823	839
181	545
796	101
393	277
344	183
933	350
952	262
361	631
932	900
765	443
323	856
584	817
976	212
318	264
16	938
634	203
895	153
35	154
327	244
334	747
608	372
872	613
202	406
437	345
217	665
508	472
790	659
656	497
228	168
989	532
635	565
703	343
741	356
958	790
68	314
236	109
246	155
868	214
864	962
17	766
681	737
379	569
133	718
779	493
523	835
26	173
42	116
542	804
653	712
235	771
568	974
1	673
988	857
869	304
233	268
384	635
849	599
554	298
481	495
605	552
466	703
214	301
980	580
786	675
732	743
916	811
314	183
938	430
823	380
749	374
470	782
2	883
977	225
358	707
966	978
60	541
820	887
474	401
841	104
520	171
418	246
623	898
921	884
389	208
880	145
511	946
299	120
590	116
859	836
970	451
314	969
574	223
761	514
157	221
433	414
751	805
744	109
182	509
731	413
354	745
561	883
810	768
21	941
159	264
691	657
416	188
241	442
209	639
456	385
73	545
293	742
993	569
520	932
65	473
62	774
986	282
925	170
241	265
847	547
314	374
945	272
759	586
471	227
250	830
726	460
594	511
679	325
58	772
597	812
267	570
825	668
336	926
72	387
685	830
940	878
713	226
19	727
924	483
357	597
264	773
862	580
577	389
783	606
216	336
309	533
391	569
307	826
195	747
868	338
111	912
935	797
518	847
929	889
226	311
780	899
19	433
440	126
405	338
609	196
537	355
248	341
754	390
341	814
41	563
222	407
68	278
799	994
994	689
731	714
722	877
58	335
170	622
337	969
751	267
469	539
516	311
982	660
547	256
705	786
73	512
928	598
77	574
951	275
34	676
828	111
34	315
225	649
804	459
711	946
657	195
75	253
577	512
615	775
443	306
884	177
618	696
170	560
26	355
326	323
457	330
937	637
972	764
385	707
71	310
336	242
935	247
580	771
443	899
796	444
456	807
609	883
758	951
430	403
289	552
150	185
805	427
554	528
74	765
170	132
208	777
638	898
859	974
298	710
872	912
975	354
592	836
774	528
955	501
477	126
210	692
760	772
691	570
211	254
94	439
59	381
319	124
915	782
844	332
90	362
633	205
273	582
697	557
446	929
588	601
692	444
830	151
603	606
837	726
430	489
584	286
996	308
159	751
158	719
542	900
810	446
236	421
485	381
638	945
999	818
292	877
434	783
977	330
858	698
377	189
945	971
2	400
678	757
402	676
161	296
581	950
506	909
848	638
391	935
482	300
239	907
448	321
628	103
66	584
609	896
75	263
152	219
762	679
143	149
315	750
663	341
314	534
257	551
442	964
916	487
867	555
686	947
126	883
226	286
251	569
714	544
357	436
720	193
631	399
421	688
955	768
80	284
918	803
976	256
163	222
508	839
250	971
354	853
132	924
749	264
520	876
410	426
666	708
4	253
959	793
90	496
87	259
292	516
970	252
980	814
987	488
300	927
978	811
8	524
657	963
318	106
220	913
625	373
473	950
30	145
361	787
413	805
977	498
118	850
964	502
643	911
536	182
564	759
163	125
654	410
896	572
75	256
922	306
495	591
683	840
159	512
369	424
101	652
357	692
690	180
603	958
381	300
237	315
700	391
178	420
874	624
61	989
948	796
876	357
625	792
858	986
838	325
854	772
512	902
918	579
719	252
123	217
982	625
211	140
431	920
808	665
927	892
167	399
289	499
800	701
781	988
366	517
606	354
50	387
682	231
341	787
902	220
249	242
545	374
823	278
478	764
396	363
51	842
577	947
532	848
940	749
208	530
781	995
791	439
639	102
676	120
112	869
447	911
809	534
191	787
575	712
187	402
690	555
157	482
258	642
986	743
162	769
731	299
37	457
622	582
328	999
797	346
366	278
893	265
533	351
370	872
374	982
446	466
313	883
287	323
199	877
550	631
795	163
512	121
670	692
788	995
688	240
433	344
834	443
969	285
926	176
699	198
773	155
545	642
270	172
63	477
969	566
907	274
458	848
770	482
890	206
654	816
532	834
240	373
978	122
209	749
680	270
378	854
389	281
196	232
239	313
920	259
639	353
908	654
181	774
826	789
441	222
666	528
395	872
411	419
581	959
870	411
611	845
906	704
423	799
832	188
511	532
704	785
95	503
421	259
644	352
977	331
769	511
434	860
651	544
653	902
638	540
852	979
943	494
834	960
66	686
312	654
171	806
699	704
178	267
402	681
16	823
652	273
112	267
477	202
904	754
60	768
628	432
67	510
930	857
233	123
579	412
936	405
813	124
678	912
915	624
223	998
849	505
428	600
853	241
862	764
952	180
832	606
566	401
512	643
950	160
585	162
176	511
706	316
632	127
83	557
291	262
607	309
104	330
364	407
574	736
410	711
122	462
185	960
998	260
756	360
932	605
10	209
252	517
91	381
153	950
169	847
336	673
651	627
752	199
684	911
912	421
227	896
340	938
782	387
727	184
782	935
725	405
994	441
656	500
316	652
338	497
277	654
604	969
915	942
761	129
748	822
716	277
645	266
714	674
432	529
338	898
118	482
709	932
875	135
500	899
657	726
101	551
12	588
832	721
680	894
84	486
531	607
518	607
950	169
623	148
114	728
464	784
89	685
12	756
418	992
490	661
87	495
595	914
38	848
828	447
786	261
275	268
472	102
291	363
779	642
664	172
997	832
609	202
226	447
816	337
477	920
515	501
782	341
115	443
8	388
770	696
418	378
537	151
996	940
317	203
83	828
755	105
371	998
877	476
696	281
167	385
924	324
924	972
346	369
816	113
913	578
712	949
443	260
250	750
178	619
805	582
660	921
487	487
220	850
90	736
860	472
289	805
20	587
786	527
921	140
582	470
666	449
162	372
28	703
171	740
379	149
265	331
879	342
120	954
355	281
134	924
737	930
635	387
855	264
771	848
680	796
684	661
362	868
612	661
291	676
58	417
86	975
637	342
812	429
240	375
100	878
629	686
208	972
72	105
389	285
478	413
915	421
718	837
486	190
493	621
887	915
911	132
235	727
567	329
689	486
965	965
828	407
62	173
794	672
154	907
576	361
252	133
683	634
209	203
730	645
220	353
194	836
901	984
528	707
438	501
240	782
513	494
713	916
549	604
257	708
967	753
364	127
933	169
242	483
631	942
885	655
324	196
490	239
753	966
808	394
466	957
554	884
788	391
447	908
104	101
752	829
746	441
428	726
942	920
535	647
318	500
30	445
103	796
350	580
894	100
868	666
627	378
510	598
255	743
620	747
119	954
940	195
697	279
434	158
24	310
107	826
159	455
79	723
432	515
405	376
957	971
51	516
744	374
633	776
956	782
874	803
21	314
320	426
594	941
271	391
588	357
989	919
639	187
241	219
570	358
704	425
739	203
572	617
914	816
341	407
70	124
218	593
145	516
695	730
821	420
775	805
159	974
715	379
356	785
625	185
479	733
432	988
645	953
977	970
774	791
477	309
57	170
595	548
313	426
344	136
21	221
271	350
244	671
393	582
8	734
262	106
581	336
672	657
748	393
110	312
274	951
101	849
129	498
854	107
539	969
215	853
689	749
172	319
782	476
454	690
960	116
884	298
770	604
331	974
929	455
154	735
251	136
739	230
82	239
38	747
825	795
543	432
708	333
619	121
543	552
325	203
154	609
289	626
623	460
721	162
465	691
341	199
209	324
53	804
676	526
167	276
523	138
406	118
87	104
803	320
212	470
736	675
952	966
380	783
140	231
416	190
207	200
825	443
635	455
902	280
458	305
397	626
298	610
508	525
763	711
942	522
737	105
350	224
607	422
454	542
260	297
927	203
837	357
70	849
383	908
140	987
109	780
41	703
129	182
670	843
63	670
881	575
68	207
76	702
598	715
787	423
668	639
441	470
743	901
726	721
138	947
92	753
790	898
554	506
608	881
571	300
812	551
638	298
834	684
666	950
579	310
59	106
638	496
31	847
545	818
942	576
942	274
880	106
62	831
987	712
30	381
100	385
478	127
69	631
764	219
898	625
192	411
503	393
35	192
296	706
864	977
396	251
457	731
253	491
78	931
369	484
585	317
640	658
6	136
882	753
925	216
537	865
420	404
345	823
73	709
81	197
743	287
305	289
744	782
96	926
774	752
326	111
806	872
922	817
669	690
112	276
344	536
811	608
731	653
407	392
879	263
235	691
897	698
756	804
23	553
466	241
203	747
791	510
892	566
630	401
569	304
361	165
507	447
367	159
329	500
853	518
815	892
219	459
563	191
89	860
848	506
816	883
163	105
164	888
652	808
614	557
162	796
122	158
990	774
447	750
559	159
303	356
281	481
370	788
305	754
648	683
158	477
550	805
543	276
434	438
226	526
244	216
206	207
213	891
836	886
548	196
52	415
597	773
8	619
985	767
762	866
984	308
462	418
76	567
53	773
233	643
758	389
730	211
551	565
639	989
201	741
145	620
465	732
168	106
601	698
599	287
375	503
877	215
531	984
794	384
726	420
623	270
672	555
914	622
923	162
60	937
179	266
570	447
889	973
405	521
466	769
463	588
925	289
339	319
728	841
335	528
147	983
396	187
431	609
662	671
421	123
814	101
309	893
523	923
38	516
834	538
6	675
866	157
878	981
257	188
537	597
588	570
387	175
92	785
378	889
924	380
167	1000
132	774
986	479
421	503
314	188
844	720
570	590
43	649
880	183
837	621
595	115
637	484
285	221
539	810
330	310
106	995
678	645
319	298
957	735
893	141
673	662
262	176
282	187
799	199
83	314
664	938
660	725
287	866
180	730
36	643
872	130
802	680
142	780
25	274
114	416
370	206
766	574
562	372
584	106
516	251
480	259
110	121
542	592
74	931
744	289
619	159
139	185
851	655
516	805
370	838
473	184
235	715
567	154
381	923
298	731
79	186
646	343
323	935
414	825
714	667
326	220
573	968
477	461
154	488
28	627
976	474
951	983
72	129
583	368
41	895
65	693
134	132
264	709
742	661
7	244
509	842
967	605
676	322
603	702
534	858
95	954
317	304
926	569
267	882
160	824
716	496
876	287
43	302
76	829
103	609
908	640
683	452
330	793
100	265
495	377
572	404
785	878
535	920
436	257
841	779
182	338
80	759
423	672
328	818
565	908
826	182
732	884
503	907
358	984
50	797
123	571
95	965
646	599
877	367
575	158
816	531
669	287
465	780
369	210
394	292
122	583
579	135
21	228
382	852
927	383
114	640
431	362
217	919
153	417
449	934
985	594
321	843
635	243
439	285
675	421
496	497
158	272
888	539
464	546
714	866
476	121
284	183
498	183
834	782
350	391
344	989
162	100
802	917
847	755
436	909
837	491
344	968
227	155
789	257
198	385
425	616
421	876
887	723
551	481
772	218
93	319
408	892
589	677
312	119
95	304
105	950
89	331
185	890
56	333
788	734
147	353
308	716
675	736
858	630
601	998
808	499
605	803
599	869
80	832
811	438
903	738
432	584
857	668
489	611
173	690
299	792
999	149
609	581
305	841
261	372
967	296
162	145
465	351
261	655
240	781
447	372
674	915
299	195
3	447
904	708
259	227
265	724
165	907
217	359
589	798
818	326
332	602
390	906
655	989
314	886
132	920
590	127
380	194
586	275
961	607
545	624
586	531
405	227
405	586
446	252
850	468
743	323
363	982
549	437
172	217
128	927
538	752
478	362
306	886
78	191
384	937
997	345
883	803
757	658
16	434
245	263
11	879
55	245
308	355
327	652
24	108
860	325
817	631
708	124
185	307
696	861
60	549
593	736
569	858
107	532
284	998
946	244
218	366
799	495
450	148
882	446
533	449
200	373
369	166
746	957
956	753
861	599
454	738
700	759
186	728
10	439
728	867
26	964
962	839
6	744
78	421
420	759
840	104
340	445
672	766
192	185
383	470
985	457
775	629
669	627
433	740
251	136
742	223
240	971
688	479
172	414
517	688
512	527
739	141
316	938
285	206
806	120
818	360
551	313
910	164
32	279
711	451
7	536
13	514
506	415
548	285
891	888
262	898
891	562
829	330
770	141
747	375
613	699
539	150
387	652
289	200
756	331
519	893
998	310
373	853
327	645
788	756
909	684
205	107
77	202
76	651
617	366
357	587
906	748
519	600
805	676
638	950
735	580
421	800
110	198
602	646
394	152
420	208
196	359
837	389
862	398
997	932
13	764
631	101
603	485
227	457
431	723
392	990
6	226
438	456
858	734
51	934
87	130
10	880
478	762
896	509
342	224
318	611
801	454
985	995
276	610
574	222
502	760
488	452
822	454
486	279
550	645
551	328
445	199
36	196
138	757
750	779
621	697
657	555
122	719
431	201
644	373
968	343
314	437
59	177
637	720
260	313
219	137
178	279
203	563
219	182
212	434
721	548
195	438
568	778
551	846
679	785
882	695
5	584
806	410
732	404
142	493
188	837
513	183
607	773
3	189
119	557
606	598
337	596
132	163
798	135
584	191
834	918
621	899
263	946
195	937
154	958
778	507
516	797
434	446
450	112
596	686
205	968
148	378
441	377
214	467
412	552
956	285
989	505
704	279
384	489
654	574
410	310
480	437
253	109
71	642
513	925
301	719
567	785
58	573
829	348
393	562
938	291
298	682
768	651
585	663
622	484
581	156
488	928
311	256
41	492
426	487
593	262
415	853
39	915
920	743
947	307
150	401
925	212
24	920
335	954
685	820
755	757
588	552
948	102
150	393
623	170
318	653
603	348
150	440
432	606
973	991
915	335
587	650
869	338
708	327
197	968
906	211
237	789
94	538
331	486
412	902
311	663
291	245
922	110
410	766
139	450
282	459
461	685
449	400
315	161
882	537
967	284
801	402
463	638
400	639
376	288
177	726
699	426
777	254
235	473
150	998
326	650
430	297
384	408
818	175
550	154
646	339
281	384
333	169
168	940
654	275
298	883
593	746
292	455
831	437
669	815
87	954
807	364
775	404
118	916
98	517
622	793
719	432
995	355
450	646
541	957
642	739
619	194
582	484
771	650
137	174
945	736
576	443
643	167
791	483
46	695
642	924
238	414
853	600
588	390
432	487
591	266
731	830
199	349
569	479
222	635
221	307
127	155
389	845
109	978
730	564
246	755
795	417
826	152
591	495
850	131
18	432
932	908
641	216
942	557
668	290
716	533
133	813
106	434
71	122
54	358
864	274
36	684
504	643
314	896
539	215
163	429
227	454
761	974
273	192
343	948
905	498
144	402
642	669
298	543
548	658
118	815
726	476
13	923
691	563
691	679
607	609
422	798
960	584
277	666
610	242
374	924
950	274
634	145
199	665
153	354
430	881
143	823
929	384
823	775
675	469
526	179
784	111
860	438
597	697
994	374
52	983
487	619
201	747
423	904
540	350
186	998
522	683
967	644
443	787
57	971
229	960
244	797
86	136
421	520
180	757
712	407
47	414
968	411
970	880
1000	777
599	811
480	288
356	296
481	534
802	385
106	861
884	180
464	271
431	594
580	395
486	659
395	251
779	533
834	475
523	949
342	424
546	356
258	321
289	183
89	570
980	261
80	488
719	740
980	536
80	345
720	268
129	269
246	143
38	509
399	529
358	641
561	858
778	435
898	600
880	915
21	243
797	822
553	319
673	900
903	353
917	814
141	566
559	206
921	725
350	378
513	514
379	599
886	937
588	294
372	411
834	115
881	162
563	589
754	474
825	938
473	883
893	117
712	937
222	140
991	248
17	342
559	278
702	172
396	936
32	893
507	659
670	762
938	883
183	843
586	497
220	604
349	619
176	843
954	256
907	379
214	458
603	888
806	966
544	202
972	383
216	200
251	855
499	892
552	592
365	950
689	277
824	109
717	397
746	206
312	498
696	413
351	879
74	342
832	227
815	696
214	178
312	429
678	218
862	988
702	706
603	184
19	456
926	692
345	107
148	824
516	287
135	193
350	268
456	153
55	875
955	287
360	170
385	120
638	298
733	756
675	778
216	855
44	251
624	857
81	362
997	363
527	263
935	191
628	318
523	487
57	573
544	338
10	309
477	922
670	829
964	405
352	662
197	820
951	274
635	250
724	953
623	913
925	221
588	926
173	636
415	399
259	583
414	620
868	125
317	806
167	288
440	732
919	671
442	364
886	452
732	896
84	838
868	753
386	744
643	682
279	716
711	643
117	601
856	671
418	820
654	559
937	968
566	972
248	838
798	569
442	210
888	618
467	824
67	835
282	881
830	336
69	231
753	328
393	381
58	857
282	616
778	185
320	692
167	447
655	652
417	812
543	728
101	290
147	494
711	668
566	602
234	781
614	608
374	423
992	774
826	590
291	162
783	149
118	834
638	285
368	544
473	729
411	433
878	155
462	719
583	245
233	466
800	648
498	645
726	963
893	417
457	214
711	914
923	221
859	858
314	125
544	997
838	975
785	977
303	160
734	534
238	700
375	442
273	407
738	414
43	703
464	806
538	939
859	281
697	973
178	526
178	724
815	513
2	544
162	394
43	623
784	499
590	691
679	917
886	642
774	140
519	219
921	746
734	676
183	409
114	426
716	841
272	466
821	639
541	739
334	185
803	582
197	339
68	695
852	678
731	786
507	768
219	812
837	694
321	490
566	112
861	159
554	905
280	976
707	484
27	388
645	719
562	962
437	177
766	387
787	419
930	104
835	113
138	483
73	931
437	405
979	959
726	748
741	769
19	347
453	582
647	330
242	787
974	596
105	149
982	339
799	675
682	591
607	201
353	634
302	513
445	520
547	580
36	121
764	322
511	329
424	520
674	477
98	304
863	195
532	319
926	148
19	841
478	747
733	629
959	214
753	526
342	842
21	864
781	442
950	496
752	155
97	358
212	392
224	949
912	355
447	867
482	950
968	223
114	665
63	286
190	450
240	816
150	464
606	287
756	640
375	245
831	254
982	862
177	861
833	967
748	499
411	627
313	849
982	429
428	491
492	447
969	505
163	149
558	417
613	664
927	617
131	555
309	942
844	792
478	639
940	476
430	456
435	472
717	331
173	410
125	801
625	837
263	573
690	985
325	301
523	958
350	448
554	334
679	824
951	352
239	552
525	852
311	496
967	552
81	512
284	930
945	396
204	871
763	388
529	883
301	547
298	799
180	900
41	422
794	176
539	986
650	585
774	484
693	686
280	953
413	818
242	747
969	141
819	799
985	906
614	398
118	829
405	469
199	423
642	998
724	590
953	578
74	534
687	551
676	785
912	920
389	597
953	633
233	141
243	643
241	999
573	561
134	694
744	862
442	125
62	706
924	915
424	450
784	458
585	357
132	882
26	913
228	965
701	478
246	130
394	344
451	682
269	511
859	967
12	394
706	201
8	828
620	536
107	663
334	124
536	600
744	349
931	706
923	491
528	467
608	345
23	155
42	158
649	636
391	624
849	631
363	485
682	670
591	938
269	939
379	613
914	828
602	773
790	159
788	839
873	416
801	202
470	558
727	452
786	389
789	208
739	532
161	617
265	174
24	144
835	418
494	773
476	487
280	503
624	130
11	490
938	656
16	179
858	924
497	465
467	966
509	714
603	769
350	333
974	266
247	329
112	329
740	997
327	564
952	621
727	363
395	560
19	835
805	434
304	441
160	991
669	134
457	474
29	839
747	255
109	364
341	198
487	420
526	193
478	350
823	332
620	864
104	914
616	499
43	841
182	674
695	700
205	685
310	156
529	698
183	695
590	766
546	967
415	159
101	209
172	879
567	483
472	240
951	839
878	788
3	975
162	213
378	766
238	701
813	804
535	548
779	700
36	518
962	184
127	275
259	541
360	657
942	752
583	647
159	898
647	203
528	337
46	474
42	292
159	938
804	225
524	630
207	451
39	592
625	423
723	389
510	485
907	528
302	571
472	428
247	695
598	436
207	384
417	336
64	923
318	747
375	978
901	743
196	221
60	925
791	648
533	580
282	756
984	645
479	347
326	136
199	347
116	211
151	377
360	471
199	183
801	460
308	140
247	879
932	252
863	734
210	212
100	962
169	330
802	881
93	456
297	866
768	518
363	986
768	788
430	175
86	728
223	158
651	554
135	253
439	137
782	445
918	587
221	480
84	136
167	463
586	909
744	805
113	174
620	459
962	826
169	208
191	258
960	479
619	852
547	809
220	693
94	552
763	403
704	983
587	426
196	719
435	728
836	294
532	236
859	254
571	386
739	459
475	885
348	699
957	383
295	256
683	711
427	875
571	584
437	456
138	555
634	618
696	638
965	266
598	805
307	493
327	792
118	756
813	497
175	332
906	802
635	985
820	803
169	586
965	512
510	265
587	884
622	362
654	437
37	503
168	795
563	650
695	805
141	991
804	909
876	176
36	903
235	545
275	841
70	443
583	451
89	654
783	225
594	333
659	932
774	972
844	631
751	856
972	818
618	584
227	236
599	964
661	999
253	580
28	770
488	663
715	141
194	264
926	799
555	382
428	861
200	874
698	924
217	612
156	131
624	275
757	268
614	848
150	989
852	438
429	466
942	130
52	928
370	492
193	927
846	736
591	811
728	308
306	452
701	875
565	902
836	563
226	976
218	913
168	475
698	298
890	946
634	531
190	457
394	395
986	103
811	880
532	623
807	951
494	469
886	146
290	238
682	424
445	168
61	429
107	497
646	403
837	912
401	341
610	225
896	935
704	830
731	572
584	424
719	736
47	789
203	825
906	257
68	660
433	764
669	741
40	735
226	267
488	214
988	723
441	575
428	454
811	648
645	787
286	387
170	769
127	419
794	456
77	512
713	464
746	655
339	786
304	952
486	992
507	297
443	727
829	141
466	629
782	935
162	920
410	855
693	493
138	893
805	330
200	625
465	587
304	466
195	402
735	440
304	799
760	372
321	384
359	590
501	352
584	861
564	730
198	698
909	118
26	218
79	226
438	652
910	356
116	328
449	630
241	257
993	898
798	792
860	602
846	584
473	578
589	264
463	577
619	725
750	621
368	151
198	410
439	648
655	753
334	438
326	476
87	296
133	715
774	268
222	824
299	379
466	663
404	747
314	338
345	815
930	819
330	576
517	150
670	820
148	289
320	520
843	861
734	758
45	464
803	341
394	497
910	440
443	727
803	940
653	462
888	141
375	475
200	290
542	851
130	970
129	181
384	827
321	998
48	587
823	973
98	757
156	895
115	400
724	522
156	231
399	169
693	770
86	878
918	759
185	633
36	233
820	155
612	540
9	850
588	631
803	747
654	427
101	991
181	519
408	741
706	247
613	919
370	626
322	698
671	699
162	578
718	189
447	755
80	455
386	194
837	875
79	700
404	190
942	451
65	708
953	396
205	898
958	940
435	689
268	222
559	923
911	693
294	386
107	648
654	252
952	365
214	265
455	454
516	401
692	819
951	721
687	248
617	575
914	851
75	997
732	381
936	504
291	219
341	794
843	582
999	489
78	778
833	188
654	540
842	725
862	754
530	543
248	229
445	203
405	346
12	627
125	641
246	268
409	423
983	167
456	966
29	608
775	186
215	283
257	119
259	618
746	789
669	573
552	748
402	405
112	160
411	847
439	941
607	459
901	728
812	911
939	791
722	290
147	864
779	621
24	394
356	255
105	721
26	326
1000	280
782	614
941	473
924	971
454	920
623	713
785	904
760	441
579	171
166	432
644	445
620	498
837	830
722	844
609	401
426	522
654	479
173	779
353	395
312	366
679	714
95	312
948	974
526	271
370	932
998	182
314	772
9	194
938	202
48	908
34	255
131	315
790	495
851	737
808	238
200	263
836	669
472	362
961	147
532	556
444	803
704	326
553	925
14	306
455	289
480	765
740	310
599	952
345	121
918	436
423	614
463	545
530	601
899	822
434	578
618	969
520	644
669	797
921	617
77	522
980	234
175	226
770	167
497	752
388	409
701	766
582	816
721	219
140	883
508	573
838	817
635	131
921	490
336	133
927	799
387	430
559	898
730	773
543	429
844	257
692	891
140	870
146	486
928	734
524	301
356	272
166	104
152	115
765	228
293	219
157	676
339	304
91	411
132	998
867	937
891	971
626	462
416	273
607	548
920	812
209	736
629	580
191	725
79	189
980	789
225	276
133	946
568	755
933	213
741	745
119	804
946	776
109	742
461	988
727	967
919	823
534	384
100	293
80	173
621	564
907	213
450	475
667	268
150	444
322	325
566	493
798	738
418	282
980	484
986	803
156	437
967	396
229	418
901	355
294	794
926	146
550	975
723	220
285	377
45	794
703	945
86	969
385	531
601	491
632	806
276	961
359	696
659	894
298	862
931	773
717	246
79	925
700	138
791	260
285	806
631	193
220	994
356	476
898	315
218	620
809	587
716	803
996	228
69	609
835	847
743	398
318	388
161	957
839	465
229	844
406	449
260	870
604	726
479	890
920	709
338	154
423	397
99	772
67	392
58	563
428	264
640	276
349	986
603	356
296	404
455	530
162	875
95	869
258	389
776	944
347	728
879	142
766	517
734	564
465	405
518	253
276	573
763	682
20	667
38	203
196	541
705	842
539	201
171	448
586	445
219	158
450	228
770	540
768	227
494	293
210	564
224	667
263	589
277	412
9	182
823	246
159	595
571	733
53	421
318	479
122	392
935	812
569	357
139	818
300	933
868	826
725	179
454	973
162	699
799	841
102	862
476	453
708	534
5	451
639	994
850	982
250	931
834	982
820	475
334	628
421	746
444	498
87	209
129	259
148	996
597	112
815	716
998	221
581	362
450	314
329	784
50	286
52	970
327	282
55	302
529	584
194	529
947	446
39	699
881	216
687	229
633	865
910	865
910	130
471	797
602	941
848	230
562	112
814	130
549	404
27	248
794	984
176	486
731	320
462	699
70	838
551	950
680	677
849	794
361	452
238	452
502	956
316	439
131	729
644	706
290	692
301	517
642	680
785	404
809	313
222	357
745	546
989	535
306	776
240	706
355	1000
708	103
144	968
697	872
245	335
749	619
304	228
752	332
35	433
157	588
39	615
948	389
104	206
707	261
131	696
826	754
414	884
840	232
148	252
64	673
607	931
492	934
309	957
143	344
20	881
57	662
81	584
717	521
629	998
609	158
118	815
268	633
117	894
712	666
225	284
418	991
296	996
970	947
862	232
437	318
120	913
480	540
885	165
344	792
567	596
712	230
710	280
297	684
915	929
535	310
921	997
313	819
510	868
89	337
475	240
378	282
717	901
12	232
193	990
404	822
365	856
137	426
694	532
129	568
239	533
192	905
389	100
900	651
997	430
909	619
904	290
655	804
738	213
879	958
661	277
171	815
147	402
310	605
82	763
840	651
165	246
792	545
839	601
74	750
413	163
819	915
217	312
539	478
471	909
159	150
859	551
61	273
530	886
641	202
988	652
168	273
987	395
848	316
785	808
115	428
731	949
495	157
256	196
960	275
865	262
597	754
890	269
763	829
12	817
518	389
198	945
804	499
294	589
445	775
216	179
773	688
37	791
411	585
77	206
547	968
271	767
779	125
101	305
15	621
759	846
677	325
290	873
529	589
424	185
782	309
169	485
951	251
206	321
795	400
631	240
4	245
321	500
778	552
357	232
543	429
703	618
397	172
5	388
334	826
613	410
123	258
751	176
798	370
89	502
595	834
438	139
35	861
966	702
380	182
190	440
429	838
679	520
53	394
937	690
923	986
548	636
485	721
286	321
238	639
670	412
757	435
530	717
221	219
84	216
604	654
844	804
982	155
243	357
435	772
459	813
286	745
971	166
138	852
427	607
729	116
4	630
568	948
742	850
962	765
521	941
752	433
166	791
385	518
867	589
258	612
817	758
771	276
645	162
415	890
724	372
596	728
483	171
299	104
387	980
46	231
999	931
495	684
674	649
722	952
889	516
236	163
87	629
376	495
32	919
62	337
483	564
36	439
319	815
73	425
345	452
969	805
4	567
822	882
892	817
282	454
687	902
204	835
386	173
424	529
11	963
842	763
485	223
533	136
242	528
143	446
341	517
153	369
170	913
900	279
615	412
695	288
746	716
300	472
248	909
784	239
432	977
382	275
548	883
461	123
243	247
776	542
149	434
522	232
498	767
728	237
952	129
5	510
416	755
397	543
367	490
964	662
289	348
22	864
360	637
596	235
541	105
167	867
552	824
126	635
270	284
589	712
955	655
657	320
515	123
262	856
639	363
791	565
34	599
855	628
418	321
151	316
807	166
38	116
244	249
911	226
72	945
426	593
403	856
997	269
581	403
376	748
436	617
504	526
44	422
792	388
850	703
847	253
138	403
513	300
897	969
824	375
569	189
184	568
804	413
958	778
463	469
928	593
649	463
34	187
678	118
417	619
226	243
7	712
97	729
15	562
704	756
226	895
192	447
714	715
887	810
592	389
306	426
574	786
608	310
643	352
380	383
145	144
289	628
376	273
125	761
995	574
953	481
79	509
901	252
776	353
683	609
403	651
532	974
729	488
783	952
353	883
116	552
793	599
617	755
189	794
22	107
555	392
578	245
34	948
113	845
908	394
723	610
903	134
986	357
587	749
590	544
33	865
470	308
841	557
735	155
815	582
372	253
536	947
744	175
293	636
316	202
515	622
869	144
600	287
651	851
58	629
533	188
422	128
605	442
165	325
539	458
21	937
749	837
369	578
403	484
770	826
204	959
813	644
268	294
141	450
861	768
993	991
763	366
637	990
132	386
383	914
423	441
77	713
674	649
457	332
5	338
447	538
754	627
636	784
43	987
354	326
9	528
269	176
658	506
632	568
631	110
266	642
670	959
228	828
639	595
767	179
678	376
912	329
410	302
873	299
202	311
664	706
967	590
376	840
772	636
584	722
185	275
255	570
841	906
135	101
182	731
647	657
582	635
584	800
883	1000
836	856
138	843
673	813
736	143
283	847
442	572
308	847
86	298
651	423
657	114
103	1000
492	430
170	717
593	183
737	453
889	994
172	565
845	859
123	309
832	229
237	209
101	856
223	166
489	531
103	152
935	549
149	150
402	985
572	899
332	832
798	598
155	986
196	920
670	779
821	927
291	651
24	273
35	244
499	893
467	118
117	548
682	350
362	681
103	236
131	840
146	563
568	143
213	482
129	311
299	389
136	969
300	195
814	864
6	954
622	687
292	516
682	555
969	484
38	657
122	253
935	140
703	742
186	311
648	182
134	945
781	627
759	756
611	516
418	482
824	344
978	504
119	666
261	760
835	862
430	465
910	414
285	352
961	587
499	783
382	900
254	534
760	488
778	468
376	655
886	859
922	912
487	435
641	342
879	818
428	777
89	660
997	217
652	709
51	378
98	249
563	259
413	903
529	960
931	966
362	185
528	561
144	770
527	530
671	237
661	763
526	447
377	408
841	467
661	584
489	372
673	584
556	147
19	344
768	618
246	564
572	796
724	690
37	684
673	558
4	314
368	247
239	788
665	802
952	336
647	381
133	667
523	882
111	416
177	339
759	957
153	720
783	877
53	297
568	528
702	789
521	556
48	996
749	819
362	170
950	568
599	203
774	564
927	605
273	206
990	503
496	391
965	371
141	315
257	654
719	305
68	435
475	441
497	641
831	498
825	399
415	528
392	367
809	516
115	140
841	951
99	420
773	455
915	309
37	271
517	534
740	579
639	750
227	475
17	569
78	141
87	766
911	109
698	559
351	740
899	298
725	487
20	334
118	505
978	951
354	470
951	612
253	890
590	558
542	841
917	614
305	890
287	891
520	519
879	813
126	105
785	347
69	255
134	427
145	975
195	723
782	660
245	178
980	150
54	692
548	372
365	728
86	869
630	409
655	416
425	687
982	522
357	562
257	282
366	487
278	359
302	256
966	849
143	105
395	295
785	840
154	925
882	580
828	467
781	251
603	684
569	849
406	204
845	959
104	874
575	162
254	200
370	283
227	180
714	290
98	476
803	296
613	261
730	283
245	243
429	817
415	748
551	145
929	399
631	355
297	960
5	546
448	875
440	702
594	325
375	738
422	417
767	420
997	990
737	572
107	905
677	646
6	511
224	119
497	671
169	968
713	967
872	478
728	279
232	514
796	236
595	888
584	835
452	972
506	344
429	745
414	387
846	464
879	716
753	934
19	997
749	302
563	878
339	826
67	210
400	566
472	589
879	846
820	848
286	994
900	444
537	608
121	892
952	285
890	817
644	748
747	926
50	954
375	523
673	107
333	573
214	957
853	180
727	571
113	386
885	229
350	868
625	123
46	741
956	417
191	237
85	736
272	178
416	184
476	335
542	409
38	301
656	903
353	346
149	709
648	933
83	518
123	495
362	817
513	905
635	457
785	951
777	973
983	696
497	379
495	624
754	693
900	423
821	744
31	684
269	461
320	771
710	849
142	536
893	963
802	704
974	297
793	599
990	836
83	322
746	398
763	167
499	579
370	937
134	472
427	350
47	545
639	400
67	247
837	905
305	819
985	458
964	794
634	655
651	401
749	641
814	811
595	591
753	541
826	736
456	318
93	873
866	850
97	551
696	175
609	834
571	405
978	746
17	847
137	885
881	913
108	681
67	546
204	383
125	926
515	954
371	909
903	404
108	817
664	788
55	215
507	191
204	154
928	487
924	413
392	424
168	699
215	872
986	223
959	640
532	367
619	960
242	816
923	814
641	379
966	336
231	387
70	319
246	577
126	420
476	645
784	782
252	844
272	142
756	233
672	377
148	277
876	473
244	392
179	854
800	972
601	761
904	610
504	336
386	450
814	296
297	722
176	859
351	955
839	360
714	876
399	736
15	313
994	267
114	550
746	800
791	696
100	894
882	955
483	635
561	949
499	207
850	320
449	212
898	906
604	839
193	446
733	516
661	157
62	691
79	977
788	683
769	158
265	647
453	300
37	415
834	934
283	904
983	908
64	727
275	379
60	674
432	848
823	845
429	491
996	407
616	197
872	935
111	989
464	105
610	479
558	675
444	657
167	882
808	701
177	418
28	693
448	105
367	444
622	427
942	691
332	361
253	522
189	116
2	406
657	531
638	272
508	672
253	955
106	479
10	830
364	584
552	757
975	876
738	261
746	521
799	154
711	815
410	637
175	106
546	161
215	204
140	796
266	546
825	155
536	174
951	475
659	428
696	608
544	509
288	236
446	173
531	541
386	178
766	823
44	610
134	694
8	269
440	410
892	731
300	680
72	759
694	337
452	906
991	751
632	406
727	267
297	891
283	587
982	557
676	193
252	278
802	312
564	639
483	481
719	564
534	390
212	723
281	538
116	800
909	176
248	643
28	271
201	199
234	356
459	533
998	118
248	414
521	228
929	645
593	715
118	654
608	672
58	478
142	235
718	825
306	541
530	577
424	349
99	353
825	571
899	400
19	950
62	231
505	663
12	376
288	349
671	299
103	829
330	483
838	322
324	978
851	708
790	850
235	877
450	520
18	761
794	331
815	795
957	997
349	144
267	202
998	630
952	255
675	839
232	607
68	499
949	655
980	772
340	802
345	320
983	554
145	246
163	467
513	560
590	801
945	152
71	294
593	292
351	772
665	611
319	886
389	370
257	747
768	806
687	144
566	808
308	392
404	307
259	314
263	887
885	260
672	313
196	693
459	290
636	109
315	412
596	978
782	114
589	432
152	285
635	170
986	808
309	209
583	955
341	817
627	794
644	926
501	917
40	463
14	661
314	583
614	653
566	465
297	447
179	227
86	469
163	232
955	928
736	567
984	533
141	189
715	719
482	737
272	867
151	740
752	740
275	449
222	795
762	806
334	373
613	252
900	366
430	426
708	503
158	346
538	794
168	247
868	846
601	487
668	680
350	831
846	501
178	967
105	987
179	751
147	585
791	968
220	554
407	889
872	733
194	551
382	525
291	449
282	787
551	263
77	942
26	238
612	708
881	337
12	531
992	464
789	434
712	702
180	433
22	117
401	413
439	772
36	417
820	327
163	421
192	129
3	585
216	991
638	677
180	666
847	245
371	874
932	262
197	878
942	131
937	628
275	530
488	891
924	739
831	423
790	971
224	859
126	891
326	581
895	456
862	316
468	114
935	826
208	294
304	315
59	260
411	726
294	639
942	919
496	811
191	251
703	378
705	956
212	815
552	423
174	651
489	871
617	289
136	932
297	587
975	360
429	416
480	169
610	871
50	177
5	876
275	324
246	515
630	370
446	314
541	607
198	824
593	823
682	387
962	397
602	395
360	476
355	507
20	868
945	122
620	557
509	436
838	866
797	474
157	508
195	363
520	407
121	253
457	335
194	179
770	748
85	418
57	386
607	139
573	338
386	103
127	490
582	398
760	137
544	155
701	865
551	542
902	341
139	731
293	768
506	322
559	218
532	253
519	904
195	807
54	171
670	582
630	273
271	309
470	237
795	498
101	941
503	537
184	291
409	927
634	191
81	547
863	144
305	885
146	663
787	873
366	671
106	871
124	200
47	746
802	127
34	207
818	574
600	696
414	814
540	528
716	988
820	274
173	856
597	731
854	743
841	487
759	220
825	881
927	487
386	381
550	931
791	691
30	338
402	826
196	684
523	314
243	678
271	482
921	447
794	943
416	609
945	847
694	472
444	574
278	852
617	179
697	169
5	939
583	271
961	989
820	379
905	504
801	212
342	896
781	126
628	695
645	213
132	703
596	179
113	764
467	617
713	902
385	898
903	915
546	667
7	862
41	242
887	288
188	960
366	204
392	413
779	363
104	817
290	456
744	606
689	904
943	818
367	659
862	173
507	806
203	367
963	794
658	748
829	198
118	991
641	766
905	855
788	192
664	199
812	657
180	370
586	876
672	922
183	506
892	738
480	540