10000
2000
701	465
259	912
532	303
903	514
636	633
671	122
685	544
743	723
996	603
814	727
910	576
145	631
50	340
398	552
574	970
828	224
812	159
570	902
875	648
914	248
660	722
499	127
413	647
394	181
925	254
543	151
991	115
855	289
69	397
81	405
314	563
157	148
645	245
322	447
343	626
944	549
523	658
736	146
325	651
970	698
955	745
163	960
510	649
878	976
383	827
552	744
260	137
730	673
998	586
626	921
504	941
674	228
603	959
43	817
441	432
341	327
293	598
305	190
658	639
986	403
451	890
919	126
914	937
599	155
123	667
828	102
942	839
226	259
672	863
412	493
325	102
691	755
60	674
644	388
792	438
819	602
27	607
326	242
256	862
800	336
50	164
492	797
915	351
432	346
831	860
30	578
1000	345
143	300
701	979
34	106
936	462
879	636
296	212
597	954
243	264
260	191
341	354
407	473
716	482
803	893
145	368
292	373
601	948
563	466
823	746
735	129
446	546
97	545
438	703
352	246
660	137
743	867
355	454
960	457
349	784
609	665
560	219
913	662
844	247
272	388
682	785
553	215
265	186
158	790
228	711
938	955
629	288
866	259
896	239
303	389
161	156
288	516
415	602
802	535
158	197
361	104
731	566
167	872
978	989
701	965
347	909
450	395
758	760
115	908
431	420
727	710
198	438
334	506
582	162
699	301
324	302
949	681
120	555
963	656
815	332
385	835
338	867
696	227
351	106
139	103
223	898
165	833
153	191
583	367
245	273
412	414
403	378
330	273
627	185
96	401
746	548
551	524
215	333
172	937
64	827
521	802
111	760
381	990
153	894
860	140
52	209
613	859
827	581
61	932
636	970
578	303
487	848
988	507
844	869
696	362
887	610
615	425
662	801
618	776
214	190
6	758
782	723
540	170
800	209
287	779
230	669
471	472
431	573
506	783
259	519
441	344
375	832
152	425
338	320
625	251
78	737
604	149
114	253
686	501
906	797
18	664
594	590
444	969
940	764
914	792
419	588
509	407
5	491
796	292
591	132
359	514
921	794
349	664
316	117
799	231
175	131
234	499
405	926
3	436
77	276
684	247
921	525
718	885
126	571
860	761
149	938
439	714
54	276
491	974
929	180
211	766
112	120
146	169
897	386
952	575
741	654
304	504
133	569
415	942
604	500
912	526
213	925
536	945
230	492
553	631
591	335
694	400
346	542
180	663
719	310
205	640
61	430
586	812
763	717
293	522
840	108
724	151
812	783
93	858
604	808
174	788
332	763
471	239
395	968
458	617
879	588
996	245
867	588
30	847
550	269
626	446
974	488
994	426
500	797
228	133
228	240
462	849
753	190
922	976
61	910
620	631
95	463
647	755
888	831
237	136
361	553
108	949
510	449
937	259
577	405
361	447
789	888
656	573
938	936
553	636
962	975
960	825
120	611
945	304
735	184
953	584
665	781
236	616
224	360
917	212
173	699
542	344
879	424
533	496
443	174
619	810
574	662
936	607
458	445
997	641
281	628
122	859
15	583
782	861
630	705
875	577
683	263
313	771
340	502
139	609
108	618
30	117
452	544
396	180
678	732
602	682
108	120
471	971
378	966
729	988
494	489
550	116
584	172
510	362
307	598
940	198
294	538
830	215
923	598
770	318
67	590
406	100
299	305
615	618
263	453
515	722
331	644
159	739
927	283
282	628
772	272
92	974
797	832
746	535
348	678
358	601
372	488
791	297
626	244
639	433
6	755
785	592
330	997
564	779
780	361
907	310
17	130
389	316
618	403
75	358
838	396
596	379
498	222
57	218
346	269
845	304
996	865
60	609
210	120
226	125
64	159
71	771
24	345
934	571
692	689
634	456
490	319
575	867
565	436
697	442
903	846
94	165
723	345
464	282
546	240
484	304
922	367
235	404
683	596
103	474
132	220
962	711
676	144
568	521
514	409
988	146
951	276
900	975
573	883
906	439
718	952
832	736
994	810
754	237
87	650
422	864
40	132
409	523
134	194
383	952
289	370
112	555
455	815
217	291
269	993
717	905
362	949
538	454
771	802
942	616
307	562
343	889
404	860
48	762
534	444
744	933
610	355
230	108
408	135
956	735
624	315
111	385
677	153
744	344
884	815
618	163
773	595
980	525
850	910
793	713
282	103
413	920
646	827
778	287
88	361
215	852
638	345
280	456
896	100
623	742
858	758
401	490
409	479
540	482
775	326
230	145
607	596
902	741
515	759
847	739
319	166
621	800
385	626
588	544
19	254
451	921
807	763
501	402
484	525
487	407
853	447
289	516
755	427
541	672
255	521
274	307
320	906
871	297
760	775
724	373
712	371
107	726
32	377
593	409
19	483
116	855
70	423
268	216
220	813
37	817
8	264
649	703
87	222
359	524
839	423
884	427
839	378
51	974
292	411
111	370
927	171
363	664
109	324
249	353
392	261
922	714
928	932
421	218
446	705
400	155
981	554
49	643
105	406
978	352
345	752
376	651
458	726
955	238
312	735
121	930
3	440
155	262
280	925
46	950
351	440
168	374
804	858
542	712
782	649
983	195
279	946
896	916
976	715
881	660
399	435
688	893
8	796
280	595
596	749
375	382
330	204
963	972
577	800
395	858
233	433
212	419
253	551
790	841
396	550
440	351
184	267
964	531
768	723
208	324
873	717
781	745
915	603
644	117
526	732
95	492
470	558
580	292
130	468
889	848
218	972
257	327
647	731
853	894
378	985
312	146
515	942
307	919
724	820
96	292
298	983
722	362
19	338
686	921
538	641
866	140
543	660
833	555
278	202
1	157
979	474
441	659
850	680
372	714
283	706
993	912
614	945
419	504
474	336
496	830
609	206
664	445
880	931
922	917
984	836
694	610
537	653
486	543
328	445
361	774
533	132
466	352
615	509
807	423
125	158
435	471
895	692
267	550
907	273
67	551
446	446
249	930
133	908
167	629
554	229
959	791
563	405
248	295
816	193
905	213
218	324
902	321
297	218
254	325
379	722
478	934
411	697
77	115
373	438
817	631
5	153
242	813
412	307
761	616
775	954
360	271
413	176
795	457
776	533
14	321
36	850
460	243
435	629
326	453
201	989
433	228
379	603
221	319
57	974
778	764
391	513
71	454
804	735
603	482
327	427
293	940
926	888
257	236
632	606
954	240
82	724
939	507
125	208
335	110
206	406
926	690
342	552
862	234
974	608
573	288
44	798
226	805
50	511
152	452
469	184
48	125
239	971
414	845
369	495
615	315
468	133
11	406
440	955
840	294
498	801
705	238
552	312
52	403
322	229
177	610
163	164
400	542
323	881
628	113
443	777
119	758
992	557
622	347
215	390
962	538
539	688
73	455
366	306
389	245
829	902
785	527
435	894
894	309
92	952
391	171
571	836
381	795
334	666
520	105
740	262
201	744
894	673
103	461
200	535
736	503
390	669
86	473
100	478
689	133
786	213
224	187
861	702
182	948
506	937
880	420
810	160
206	758
181	295
857	346
42	275
158	287
653	468
92	497
269	881
799	917
892	727
724	277
38	180
53	112
98	542
212	953
373	938
791	839
95	300
896	249
476	415
881	884
234	842
166	143
248	234
516	636
229	450
461	808
205	635
727	736
849	595
437	525
30	227
210	998
451	724
332	321
118	958
530	890
348	759
732	629
329	336
137	335
130	547
243	454
857	249
845	866
157	651
737	865
113	824
342	998
577	286
492	464
297	810
544	277
131	878
927	770
94	120
943	160
4	654
954	569
990	909
418	298
993	138
693	251
243	915
884	745
460	418
584	437
215	619
413	164
625	487
345	473
839	871
331	381
622	240
740	263
142	846
386	814
657	933
579	408
118	983
392	732
223	251
294	592
2	631
619	117
352	158
479	614
221	967
7	245
344	614
162	790
281	439
452	130
23	374
859	855
172	571
316	577
424	694
321	248
447	117
942	330
876	101
828	450
227	947
872	544
758	931
923	639
94	678
938	851
510	104
307	720
432	283
785	279
599	985
152	145
476	424
894	624
29	659
977	406
111	617
995	541
855	663
954	814
702	665
971	191
352	675
102	494
615	597
480	509
681	792
483	215
43	693
86	112
528	616
900	296
184	661
212	463
837	889
570	723
119	538
872	692
733	570
719	133
250	248
203	901
993	265
619	336
136	867
920	470
906	580
104	281
231	311
981	883
649	126
438	355
496	698
918	521
363	420
488	405
992	413
698	189
649	192
246	635
341	986
956	457
57	595
300	348
69	383
655	906
274	673
373	435
892	548
70	423
315	186
197	266
963	978
203	369
370	617
290	660
752	620
143	646
330	828
520	603
50	877
950	296
568	661
946	769
663	510
676	809
303	756
499	177
198	353
537	979
884	501
40	870
212	722
347	296
837	440
83	532
433	460
665	788
202	473
715	175
262	110
108	134
93	411
804	531
189	590
507	903
845	523
443	502
984	531
497	719
18	341
616	226
653	652
913	625
785	119
285	841
185	242
925	120
111	454
249	244
700	828
64	793
106	653
857	882
236	144
886	335
993	622
936	971
807	454
315	251
865	682
723	766
195	721
891	809
581	892
963	793
492	392
193	848
846	222
949	638
149	152
148	199
514	801
561	454
637	704
508	661
785	202
928	679
433	859
545	854
182	784
52	878
430	740
584	804
487	608
95	343
951	191
41	286
182	248
112	327
711	239
441	934
392	491
407	299
562	271
248	362
846	366
635	724
403	635
36	331
131	331
776	873
780	980
417	933
297	648
84	166
229	747
289	140
698	638
391	406
277	945
611	821
697	693
217	240
557	886
838	599
41	350
661	640
773	750
733	125
71	562
922	973
122	317
621	625
823	909
881	104
649	371
944	864
579	691
408	295
34	113
908	497
572	570
911	790
462	423
465	390
621	784
489	928
546	662
482	515
393	105
182	896
482	477
642	445
825	752
594	639
644	850
510	769
165	630
668	345
563	856
157	496
803	851
406	255
984	928
977	465
952	705
241	360
538	824
694	299
912	364
320	409
268	314
928	579
879	743
556	681
989	212
244	335
419	334
135	418
783	437
339	466
479	201
717	168
389	162
456	373
967	641
34	174
424	883
989	130
841	962
33	252
691	445
186	561
910	863
236	664
244	364
43	601
308	150
674	279
585	595
408	404
294	141
234	832
94	464
460	286
364	261
19	672
471	783
814	937
582	272
223	742
346	908
354	380
40	782
370	774
144	238
832	424
911	158
106	678
326	447
853	310
460	688
826	674
802	279
814	742
234	805
400	175
367	607
305	430
453	386
266	758
900	702
798	177
639	440
124	608
923	774
33	154
302	683
742	427
427	394
659	457
288	807
9	207
861	414
687	240
532	101
293	554
297	509
823	332
13	329
269	470
655	943
992	514
529	602
502	412
410	240
160	165
309	154
819	136
572	830
327	811
28	563
397	765
777	755
677	873
96	908
789	658
776	757
882	878
769	893
54	635
853	382
286	188
669	185
634	908
205	659
941	414
819	558
929	809
349	387
844	895
740	554
719	483
20	940
711	604
134	807
172	465
415	337
631	856
310	647
545	417
147	931
307	321
916	489
113	962
858	960
324	703
725	469
494	791
654	960
800	226
108	342
657	267
331	392
817	996
528	974
778	814
151	775
768	574
723	256
897	872
212	868
49	638
699	920
111	983
307	446
545	931
260	730
417	145
563	170
272	977
902	986
706	956
175	301
502	565
319	773
245	650
570	415
910	772
574	483
309	488
595	184
786	743
646	943
445	349
565	876
519	634
114	723
867	986
552	569
884	945
803	421
42	935
819	906
732	876
995	528
707	495
958	845
756	321
842	213
403	186
659	602
373	586
917	314
641	356
37	491
380	563
310	432
582	598
591	625
392	795
94	141
482	532
853	320
374	680
79	576
506	763
836	952
759	772
987	319
198	110
956	228
291	372
599	839
870	228
409	147
481	431
373	387
718	472
429	319
174	333
143	798
428	301
185	617
854	855
897	285
68	453
901	398
316	634
249	688
362	104
937	264
475	326
131	131
99	957
224	200
466	676
580	211
729	781
180	575
173	462
2	860
660	950
788	275
364	123
770	934
64	480
714	773
544	579
679	452
541	985
52	280
109	437
236	629
554	575
33	908
769	747
184	810
616	565
724	356
306	981
104	796
835	372
751	165
939	465
97	628
375	471
313	189
348	246
545	564
475	343
99	483
997	790
371	803
672	874
366	920
101	117
303	431
904	626
546	878
353	724
642	706
48	189
783	175
865	716
788	208
889	721
894	912
327	761
7	257
123	652
415	928
552	942
224	622
541	352
216	565
223	291
341	847
454	553
985	418
114	182
832	209
857	844
361	526
458	568
998	281
293	568
627	819
302	495
928	928
996	564
769	829
816	707
379	398
366	126
229	137
961	743
33	250
221	730
668	418
367	959
548	138
478	124
742	457
11	145
161	599
193	327
447	500
823	913
617	770
345	353
693	890
666	460
316	785
857	184
811	786
278	623
726	884
831	182
248	358
671	789
149	337
195	406
330	854
116	479
10	371
517	870
985	412
311	161
60	110
427	408
923	697
540	993
278	767
884	342
820	169
801	817
194	496
428	479
955	790
417	600
366	338
123	324
486	576
284	503
608	410
692	843
228	582
546	429
897	793
230	267
810	271
128	796
896	142
521	929
149	480
88	229
587	270
447	546
830	999
111	698
917	297
655	730
357	289
13	557
617	642
781	605
775	301
377	983
200	374
831	531
359	249
144	806
282	944
597	879
724	354
127	590
295	855
892	298
264	683
604	962
588	742
834	356
526	603
147	629
307	452
640	247
660	636
292	333
270	509
314	266
607	163
330	249
860	106
563	239
41	762
11	901
422	405
21	898
553	793
7	364
88	790
918	784
995	598
547	890
442	907
279	546
661	139
388	888
983	374
172	556
219	742
70	562
89	989
434	416
63	850
743	141
609	414
627	792
891	106
732	559
407	682
985	857
542	106
364	816
320	981
513	353
646	347
779	910
878	587
912	863
973	662
310	507
569	864
518	793
587	733
435	752
218	381
920	556
629	522
650	152
296	718
304	286
120	105
620	181
219	244
719	893
213	836
744	637
438	545
620	899
113	816
990	340
828	136
818	563
716	113
478	892
71	156
912	808
247	859
798	611
618	354
396	833
133	319
183	218
386	605
641	633
495	858
986	185
96	129
331	897
351	571
982	141
636	505
140	195
795	239
394	541
617	310
136	418
965	407
905	172
20	162
597	133
400	309
117	667
572	284
792	128
693	472
215	191
779	136
537	398
794	750
530	393
817	803
619	424
990	809
601	802
172	930
553	902
888	185
447	822
533	620
10	733
774	701
187	924
732	511
932	983
130	401
884	659
443	725
651	770
563	434
79	513
119	676
202	173
259	586
693	801
73	194
352	823
669	901
467	144
994	752
525	800
351	733
899	552
813	974
237	294
797	311
793	640
220	163
41	738
388	349
282	564
846	106
144	155
687	561
558	641
931	693
343	935
723	734
890	921
424	216
561	982
1000	948
348	339
766	543
536	669
259	195
634	406
972	536
71	585
206	697
750	774
528	475
105	622
793	843
205	494
398	764
405	814
737	486
760	733
260	679
330	722
335	243
902	404
517	368
846	353
332	716
156	667
428	524
235	817
782	224
226	503
203	504
140	685
168	537
583	562
431	692
489	425
830	828
402	736
580	135
908	247
371	771
864	987
788	211
938	778
617	390
377	249
325	828
217	129
505	664
2	815
894	113
776	538
600	534
722	581
687	701
163	589
322	109
76	279
813	786
853	442
796	463
156	314
748	679
747	960
297	593
497	481
967	571
757	416
833	921
953	665
120	230
362	278
4	382
842	148
9	114
13	437
883	937
777	591
432	440
342	938
934	279
155	155
785	283
762	846
646	658
382	940
42	999
88	514
700	724
251	751
336	919
112	737
736	733
162	570
662	392
432	315
262	520
752	423
947	381
935	455
294	746
413	909
406	332
324	147
820	743
486	316
470	756
197	778
820	675
250	212
656	232
556	102
626	856
421	782
345	221
654	857
523	994
953	243
409	704
807	927
786	453
185	659
160	378
247	122
315	219
203	944
798	247
585	960
889	256
678	605
529	884
960	627
441	471
647	437
560	360
83	343
431	236
504	415
57	490
935	177
799	957
155	329
400	771
729	167
171	548
998	531
273	744
90	602
287	744
275	216
799	528
573	466
210	565
629	148
887	444
345	316
89	940
410	487
376	386
797	118
941	254
971	815
959	992
644	904
324	283
284	323
548	369
920	905
398	395
699	942
411	174
275	298
110	652
255	446
5	115
818	768
777	135
955	852
398	804
221	387
512	445
834	248
786	832
988	935
823	573
119	703
808	410
947	614
102	790
435	906
539	767
826	333
328	420
95	303
838	502
162	723
440	583
562	114
912	986
300	211
16	592
686	489
855	401
995	742
63	592
376	616
464	537
800	853
50	687
388	829
976	411
407	669
740	639
186	289
962	884
171	120
19	186
821	387
943	734
837	790
69	887
127	827
556	961
18	352
492	858
889	640
505	289
834	652
83	875
190	314
93	993
946	335
990	627
96	170
758	848
437	764
954	963
759	243
599	907
384	973
606	798
598	238
234	466
110	762
377	768
640	420
696	181
686	616
808	188
583	739
81	346
968	517
870	202
90	338
622	461
829	560
746	778
635	507
964	472
611	319
855	232
720	452
42	549
157	921
238	884
822	141
136	513
631	903
486	108
705	495
377	857
205	700
588	953
645	601
408	792
319	279
503	740
733	939
491	886
699	299
116	673
245	135
896	633
712	791
670	159
884	255
813	936
76	671
252	289
253	990
861	892
920	124
334	367
38	897
626	727
882	833
744	657
200	562
445	117
724	564
712	560
637	759
875	887
199	366
506	968
523	372
666	321
50	244
796	706
497	527
174	382
879	380
627	807
881	697
802	749
35	425
157	736
39	717
320	345
70	969
327	230
812	843
938	885
381	650
325	102
219	326
556	797
494	806
473	492
558	619
350	373
446	642
660	132
525	832
903	773
529	310
652	725
388	634
970	775
606	668
424	552
163	895
920	842
815	905
922	394
574	431
106	678
633	964
164	576
567	980
962	992
774	179
359	616
251	356
723	141
168	608
289	825
735	335
755	720
51	519
523	680
759	990
988	935
266	919
572	422
486	294
926	275
339	463
59	962
8	798
798	695
899	451
151	283
278	563
991	438
195	632
490	440
214	675
15	183
951	822
25	517
601	100
963	774
45	708
226	474
959	248
661	883
459	801
495	281
222	134
793	377
64	835
4	652
123	903
706	434
988	951
690	937
109	495
435	682
158	569
236	952
693	779
555	722
563	338
759	900
132	321
572	961
287	686
504	751
942	739
857	920
124	590
139	943
121	422
987	827
622	822
656	780
813	863
505	633
206	847
566	138
615	673
895	624
688	863
754	863
698	435
44	523
902	274
799	425
231	176
684	410
959	444
423	382
16	119
925	945
606	165
238	728
224	851
730	145
490	732
409	431
98	817
354	612
917	989
974	765
570	415
872	757
784	789
38	796
137	632
668	240
357	646
821	673
793	918
581	765
47	572
706	698
205	958
188	637
598	559
861	902
36	586
425	264
49	904
826	551
938	570
196	148
585	424
620	165
913	843
384	516
457	349
835	852
636	392
761	914
955	173
958	893
195	325
470	288
342	467
2	535
980	508
802	671
988	701
332	329
931	393
663	458
865	712
129	421
825	816
743	157
915	280
535	192
949	871
461	757
284	186
691	953
452	406
433	315
693	385
514	362
358	161
859	533
707	175
565	311
844	733
142	496
912	864
180	503
910	123
387	881
182	622
993	921
350	670
165	173
757	775
823	573
289	522
32	697
675	544
365	143
552	245
836	837
554	688
266	975
935	843
685	282
597	354
259	105
813	217
236	181
146	341
259	336
63	240
15	916
720	897
284	245
353	447
3	633
974	811
880	720
900	965
758	571
51	139
543	652
925	767
869	665
77	646
650	304
359	431
883	896
407	715
615	896
806	162
253	778
613	154
108	223
213	909
484	760
513	726
220	232
669	213
647	858
238	470
537	824
392	722
386	898
517	612
695	705
243	873
611	621
330	178
1000	743
223	697
95	472
62	848
817	597
147	773
436	247
998	898
875	192
796	299
344	593
160	134
303	450
5	194
64	244
941	791
780	625
770	611
126	393
795	173
597	868
160	679
210	974
687	977
710	289
496	695
440	662
256	545
112	966
602	399
826	668
992	303
656	417
135	143
856	806
820	710
844	793
557	680
8	523
389	373
527	324
811	707
8	123
761	341
85	591
232	692
741	136
738	259
811	703
99	777
237	887
326	605
213	520
905	976
857	516
281	114
494	319
453	505
820	275
306	812
724	232
112	843
324	609
304	909
27	769
988	859
982	821
831	995
134	572
220	180
552	796
853	633
446	139
563	541
992	146
539	114
710	789
519	708
990	407
655	959
227	762
411	640
638	346
714	995
953	150
371	736
102	877
177	487
712	621
206	943
408	188
159	900
538	228
218	271
776	386
85	381
756	878
41	581
584	480
481	538
908	563
834	969
862	707
172	539
510	629
959	510
25	462
721	863
722	631
460	439
722	368
924	955
235	348
734	205
770	769
847	630
389	314
548	880
373	548
777	546
941	760
799	602
668	521
234	607
49	116
469	415
601	936
607	665
807	630
927	218
22	595
405	239
645	381
319	572
644	978
482	590
928	649
823	870
989	632
524	788
414	804
53	197
314	717
823	840
954	727
850	651
63	512
398	567
51	340
853	706
847	556
17	106
539	953
398	400
944	323
200	473
351	224
169	844
567	997
342	121
943	638
478	157
163	387
444	611
971	253
58	539
506	761
375	367
14	717
971	928
360	513
573	897
354	539
83	479
688	795
265	686
321	815
692	850
542	362
103	379
690	823
133	193
605	784
614	616
57	760
969	451
183	190
432	131
765	879
119	816
367	457
533	800
622	473
608	634
166	940
781	274
181	864
722	727
211	340
572	321
50	485
838	764
373	986
232	366
840	963
463	519
232	877
393	149
894	839
151	455
380	856
862	181
509	222
377	636
168	218
744	457
333	930
481	330
642	924
226	707
573	447
393	688
434	352
508	369
718	838
552	663
458	974
442	673
392	179
740	148
153	583
251	553
232	229
947	174
385	759
410	265
962	433
377	171
407	241
954	762
785	786
805	249
726	445
221	979
939	368
194	473
744	229
834	668
992	700
43	855
554	835
839	640
156	578
636	892
176	798
109	848
667	468
453	302
283	847
421	338
843	420
569	639
24	465
593	618
2	785
415	585
749	232
152	830
422	464
446	456
672	616
222	955
915	115
250	439
137	181
691	963
891	280
734	874
767	759
105	809
740	289
36	895
81	598
32	854
1000	182
460	432
881	416
611	995
219	898
687	816
512	928
688	208
74	228
66	425
615	958
971	612
723	724
691	401
139	765
611	801
256	401
389	585
324	464
843	482
122	573
461	132
376	564
962	685
547	683
12	597
730	268
672	318
987	196
84	554
344	1000
561	169
705	918
665	332
334	380
947	251
622	962
609	547
629	424
267	540
879	426
236	220
488	151
921	544
513	219
19	168
892	190
637	483
148	461
423	446
759	290
228	857
664	865
695	220
299	157
958	583
412	418
628	639
173	998
480	849
852	283
191	590
995	588
667	433
621	769
811	671
423	790
878	685
370	700
150	679
678	549
482	237
256	627
989	235
382	445
600	694
960	242
521	599
54	797
47	955
866	591
405	879
777	652
937	412
890	704
36	793
108	949
624	804
51	897
30	924
420	638
46	390
525	121
541	988
102	686
295	394
391	859
306	912
968	620
598	960
435	811
691	171
362	733
505	843
147	495
921	427
82	216
853	634
117	950
27	998
660	527
875	195
401	269
71	362
362	539
274	253
362	359
971	380
735	950
449	377
829	820
802	875
35	304
3	138
376	941
507	758
818	999
304	222
314	807
355	216
286	415
613	944
856	366
649	686
639	789
117	334
310	759
818	915
553	539
165	957
540	658
669	456
159	927
295	488
410	736
204	602
670	499
774	843
517	304
927	311
780	918
350	141
951	720
304	171
447	261
789	938
559	657
56	764
42	756
28	893
1000	292
452	374
326	614
612	217
645	139
697	725
813	321
312	721
979	488
283	657
611	976
145	555
320	856
642	431
624	541
301	399
138	319
345	493
959	111
254	817
548	937
41	151
982	227
544	815
70	579
299	662
28	496
980	298
110	519
525	129
879	772
571	147
716	503
765	593
103	890
739	641
463	859
974	885
667	1000
61	641
737	306
617	968
346	998
629	752
825	979
945	663
578	776
13	814
648	530
343	247
738	562
851	867
524	723
288	971
907	737
350	817
691	334
455	280
619	819
288	655
386	532
604	412
780	989
653	125
271	388
523	312
318	623
744	552
502	237
359	390
757	424
820	485
88	459
496	904
115	646
106	971
798	749
531	938
560	478
828	223
371	477
924	832
595	129
975	657
90	405
883	962
958	492
436	238
325	110
911	994
737	769
368	675
776	389
916	626
309	813
799	712
216	828
840	915
425	887
619	740
942	648
402	244
812	727
752	935
463	936
734	712
41	143
494	211
142	619
289	405
640	482
844	460
311	869
514	721
671	838
294	906
165	358
624	568
825	792
990	156
103	419
662	755
174	877
106	718
917	412
777	762
939	290
389	543
959	348
710	378
817	816
1000	984
400	794
730	573
350	817
281	584
757	323
585	127
104	299
33	377
466	522
577	163
348	471
67	979
624	251
297	293
731	224
944	316
862	854
961	898
425	145
346	878
356	247
714	617
656	835
622	531
305	594
17	420
335	253
835	267
304	604
233	143
451	750
945	658
526	325
305	217
317	736
125	126
545	439
439	894
701	488
12	433
864	335
769	778
819	440
829	599
710	761
648	421
255	697
939	213
161	233
542	260
106	800
418	441
590	827
513	840
18	487
428	670
653	741
959	487
167	569
270	974
488	502
95	214
627	119
567	845
606	863
367	921
979	614
595	965
889	830
672	283
862	381
826	942
917	587
4	536
49	639
626	915
127	590
79	560
845	170
864	240
915	837
324	377
605	683
585	132
35	834
365	295
424	489
797	107
24	136
922	373
259	974
476	893
448	697
469	712
239	513
11	512
42	797
691	928
251	966
364	387
367	465
457	711
625	348
338	746
512	529
247	214
432	372
361	807
270	927
302	900
988	529
818	598
326	940
973	832
944	775
630	343
474	444
205	801
290	386
804	584
399	786
798	374
109	941
929	721
204	359
221	793
692	893
556	680
207	825
671	241
248	432
249	438
252	573
636	279
198	699
888	952
97	502
853	231
562	812
115	581
510	701
28	654
367	987
942	872
60	150
79	499
723	1000
478	204
826	942
418	902
612	538
966	708
521	229
217	379
595	407
693	930
910	896
729	336
13	583
102	883
720	304
784	201
13	852
166	189
286	771
792	959
977	289
681	188
963	891
455	473
223	362
233	223
25	704
749	652
581	236
721	747
985	209
112	198
586	290
662	670
230	996
759	507
807	400
232	744
908	244
579	997
973	670
278	816
127	401
168	833
898	666
74	899
738	721
865	509
623	217
256	477
595	576
599	156
738	823
396	669
564	369
730	242
96	631
660	160
799	644
609	593
464	417
555	726
699	536
550	575
943	748
32	102
693	571
130	466
855	763
319	247
113	772
139	113
124	406
463	631
909	418
317	190
271	965
980	327
230	712
526	608
272	472
927	994
985	581
571	266
747	377
827	231
939	135
606	867
33	226
245	783
527	547
142	792
229	858
553	982
533	542
627	407
788	636
207	571
479	206
731	989
610	978
815	647
642	141
755	834
396	802
932	417
813	151
194	499
162	962
666	162
620	976
471	597
642	907
426	867
896	586
494	260
72	910
904	559
122	323
436	467
896	123
370	765
8	654
20	721
111	266
78	281
193	359
455	430
327	268
751	308
889	552
802	236
859	240
108	827
120	209
121	190
780	219
503	966
380	467
729	279
773	432
442	851
362	649
173	977
38	313
189	940
63	888
365	910
887	548
576	911
962	615
153	398
370	758
535	465
611	712
62	948
568	230
390	717
438	276
629	515
473	190
56	339
155	627
270	745
724	236
751	166
61	784
650	807
945	951
210	840
112	702
791	545
211	696
442	723
246	624
20	828
245	572
994	187
481	362
66	656
870	737
929	401
665	343
823	821
775	633
317	380
502	215
301	990
134	102
983	636
570	664
442	821
741	589
498	236
224	475
761	832
730	991
23	482
463	103
544	513
375	455
583	214
68	178
287	428
45	125
54	266
225	641
138	278
141	348
441	973
148	327
258	377
732	591
638	753
115	624
51	411
238	682
320	307
167	436
88	816
646	897
185	762
643	414
98	865
759	791
19	113
181	422
248	143
886	566
40	337
755	462
737	439
459	974
274	689
460	801
892	137
298	745
821	412
798	324
269	172
267	461
428	783
834	789
185	559
131	242
839	998
189	765
84	977
263	155
331	120
862	907
189	335
611	224
26	290
542	358
51	353
271	768
481	222
895	408
137	398
708	791
867	571
745	580
231	460
325	743
801	508
45	144
372	331
698	835
868	618
171	754
372	691
58	796
351	490
678	259
158	438
935	333
23	106
374	266
87	672
558	414
177	377
131	880
196	810
791	224
163	132
964	315
886	270
697	853
256	716
103	491
896	214
971	904
616	950
772	249
968	248
924	888
836	278
238	479
4	342
528	590
498	936
4	956
167	989
375	200
709	509
418	114
77	273
884	453
616	663
107	783
835	590
498	435
223	338
968	798
774	678
99	572
937	523
76	268
268	733
303	210
334	968
899	245
582	184
662	816
106	240
403	420
11	657
288	454
361	504
295	240
635	271
336	576
63	817
595	388
570	738
775	895
560	940
812	611
59	957
975	957
914	883
164	954
916	803
649	174
894	358
666	997
502	152
640	502
469	731
115	600
234	539
779	735
718	675
493	586
911	986
499	334
860	623
131	350
309	918
249	496
57	457
693	286
721	546
990	978
60	805
594	722
48	455
406	468
586	391
322	321
513	285
204	503
830	358
783	807
887	103
649	677
210	287
171	666
223	907
372	175
419	395
756	727
161	455
280	684
892	411
13	487
865	809
594	325
523	464
281	983
110	697
536	415
464	572
117	814
475	513
151	122
25	227
86	172
976	984
218	183
779	237
893	304
402	310
611	632
287	589
413	192
794	440
188	322
792	840
625	426
499	205
74	963
922	989
452	498
51	618
822	370
579	911
640	526
681	954
537	393
410	821
479	428
129	862
812	809
296	753
58	898
368	753
765	171
902	265
806	259
98	418
41	780
783	499
790	505
243	269
176	633
483	514
351	412
795	964
555	998
765	810
226	828
303	793
288	259
978	950
289	787
296	919
212	375
276	147
427	677
291	404
134	388
56	547
844	160
996	515
117	384
588	236
667	868
828	410
724	990
248	726
898	579
974	829
281	333
252	348
524	505
38	508
743	890
408	186
778	744
256	292
265	542
285	721
96	678
156	258
231	436
859	247
530	797
294	445
259	732
316	757
573	825
260	801
853	607
121	144
121	735
300	776
906	643
957	283
751	722
784	111
187	671
911	632
976	627
183	438
635	986
370	751
282	292
764	459
367	639
631	567
502	612
746	876
578	432
566	662
906	160
248	705
72	302
789	782
991	996
398	152
317	997
28	336
136	892
791	167
445	566
919	919
548	872
510	862
567	592
926	218
117	641
80	486
741	539
28	781
837	413
972	203
705	293
541	207
891	643
93	452
942	715
459	1000
874	249
653	341
450	647
902	497
888	910
840	269
384	268
830	669
416	876
890	302
193	786
162	153
921	107
896	652
966	406
43	124
7	165
691	668
522	903
679	850
85	929
309	418
630	584
413	351
640	218
326	602
110	839
241	430
204	366
698	539
88	373
609	867
961	146
28	415
599	787
669	168
547	836
492	715
314	394
45	675
351	876
890	418
918	744
497	656
180	597
417	266
619	515
376	371
527	706
26	352
703	481
134	100
932	758
646	744
839	301
831	984
481	737
565	743
152	524
123	174
991	384
657	299
471	444
160	473
821	446
613	272
443	557
982	433
999	810
988	560
374	810
533	179
59	391
612	756
288	900
341	901
760	618
547	171
856	857
989	485
118	425
842	788
861	288
216	296
269	820
975	209
105	284
332	310
341	618
602	303
443	839
219	613
962	717
36	279
591	597
886	628
467	380
271	712
468	668
327	138
454	896
451	953
354	679
845	632
910	194
17	135
78	939
181	864
613	648
107	197
196	581
323	901
155	790
295	456
916	196
515	834
230	364
173	499
218	304
837	683
456	223
749	767
223	731
535	453
137	102
962	101
348	260
671	110
741	215
313	269
853	805
796	341
875	996
995	489
476	661
962	310
444	781
438	266
118	576
517	946
282	822
413	762
315	250
334	145
979	474
106	124
551	417
54	847
131	923
807	416
506	403
88	487
44	296
618	250
354	196
852	913
742	573
894	815
491	1000
699	321
482	166
53	771
664	578
516	641
645	120
886	674
844	133
910	970
468	675
211	683
928	123
942	890
471	776
786	218
142	662
45	183
116	749
932	647
416	826
455	884
127	342
46	828
979	608
51	979
310	389
691	651
389	333
865	624
254	275
131	406
1	597
94	873
278	874
167	223
528	824
445	939
98	170
744	480
339	298
722	724
348	145
167	793
853	960
850	392
262	107
916	240
357	366
694	667
290	747
344	612
649	702
4	221
678	655
978	443
127	297
938	970
824	308
602	613
882	376
304	101
623	836
602	710
767	193
686	584
641	832
572	198
219	150
116	752
550	630
628	499
804	389
875	352
756	879
85	827
502	651
594	288
61	402
648	260
734	326
235	132
582	570
765	721
79	516
633	188
150	278
136	389
624	874
425	153
23	467
606	849
419	782
788	962
601	549
252	502
309	888
383	574
599	777
23	357
951	287
262	296
647	896
619	772
218	732
996	324
561	983
320	739
33	489
813	586
211	748
957	714
349	488
509	903
314	528
686	484
880	399
611	282
128	622
134	314
474	718
871	748
536	279
559	353
96	251
607	837
357	542
275	853
870	599
568	665
484	716
817	750
237	396
668	369
937	917
641	642
304	722
733	219
755	912
568	386
487	633
983	950
906	966
97	350
132	235
165	431
223	430
451	553
59	380
644	989
563	813
308	776
988	868
822	400
508	141
998	362
628	278
862	914
485	790
599	700
318	744
172	582
640	567
908	234
291	971
436	918
469	358
157	916
153	884
454	869
18	287
218	376
371	375
680	319
501	432
141	158
654	311
663	993
50	417
595	720
403	731
132	834
586	570
615	379
790	625
256	449
782	970
897	567
224	701
982	140
983	422
512	119
947	848
23	571
998	440
620	823
469	444
847	768
958	609
424	438
620	841
993	217
456	333
469	105
114	245
984	986
382	225
298	386
135	688
885	433
464	159
529	363
705	229
308	407
321	142
226	545
979	644
941	320
380	519
885	665
232	564
266	703
510	965
76	959
433	425
680	152
680	922
694	1000
556	835
320	839
782	521
585	389
842	515
609	679
632	813
122	106
72	484
514	664
624	507
53	221
549	611
720	392
438	661
947	745
349	731
730	439
894	553
277	986
257	225
4	109
183	480
267	105
888	906
841	790
889	959
567	288
142	272
164	244
471	576
900	706
636	698
618	462
456	668
945	196
235	609
509	423
946	283
766	126
120	994
464	399
631	954
665	123
728	388
630	967
681	450
51	356
351	449
861	667
6	869
687	954
151	423
427	525
308	474
963	451
527	780
634	389
149	113
479	611
957	447
376	521
650	288
308	502
873	835
348	739
71	305
468	668
980	891
51	488
199	256
475	934
610	398
108	307
321	897
542	853
530	429
947	825
596	349
683	665
980	343
319	996
204	843
907	733
353	660
247	320
91	691
182	652
349	734
495	920
366	999
520	420
719	489
883	897
350	125
150	737
634	810
377	813
682	898
374	648
721	310
771	765
462	183
475	765
630	730
82	867
423	669
596	666
195	684
152	682
783	271
413	683
607	520
751	757
346	134
960	698
333	215
737	502
138	383
491	964
738	872
296	558
874	399
100	932
489	870
280	130
463	665
764	658
427	451
917	153
666	276
387	265
47	567
423	429
991	665
299	764
292	152
986	542
452	121
611	254
511	903
205	168
491	458
206	426
998	730
591	487
66	372
770	449
667	934
150	861
228	305
993	649
911	858
27	638
516	886
30	938
691	732
711	870
126	887
815	517
355	838
340	888
9	113
36	132
617	413
458	228
883	806
877	899
670	458
114	484
587	394
135	142
509	901
72	126
615	564
170	521
539	734
326	885
494	177
523	848
35	419
887	214
121	424
752	264
83	413
449	177
762	219
937	345
67	218
517	787
924	969
704	947
900	195
445	219
989	910
756	654
145	486
745	461
241	865
160	881
2	710
230	210
334	794
228	266
306	693
150	719
444	827
286	186
953	858
959	296
87	838
895	644
652	916
209	247
344	178
715	584
57	342
523	520
640	352
988	622
567	709
623	794
124	858
497	661
500	175
839	972
556	382
289	428
536	891
537	988
243	569
927	548
870	811
368	258
855	156
167	366
304	527
377	452
678	687
207	862
296	365
712	349
413	889
488	618
808	146
627	118
875	177
131	855
753	743
328	896
95	590
784	338
34	477
692	724
403	668
891	713
873	118
568	647
287	185
255	796
362	164
179	251
682	417
491	498
954	830
447	843
196	851
992	861
880	878
515	598
11	290
132	698
280	460
567	359
315	197
80	501
408	597
484	276
909	833
875	191
812	865
32	874
435	416
210	414
452	129
780	170
331	672
487	941
623	148
305	909
105	400
272	193
946	748
560	270
818	396
420	497
218	750
533	352
600	191
687	297
840	341
692	434
457	607
250	803
53	672
378	218
370	739
464	476
509	629
553	489
218	277
106	147
302	451
507	701
278	488
299	991
766	500
490	387
899	178
407	208
1000	107
602	853
919	105
479	148
582	188
694	593
541	284
175	667
855	362
650	336
619	554
128	686
367	188
913	947
770	112
379	983
345	935
907	801
549	701
453	590
145	368
839	613
834	912
866	447
226	200
703	916
460	258
402	508
312	509
547	362
828	671
881	633
215	936
220	362
544	590
453	900
96	857
846	676
936	736
901	823
926	940
414	854
510	529
485	199
268	798
433	267
528	532
980	969
91	378
954	538
900	803
193	508
387	655
33	716
569	520
926	280
705	866
399	947
800	189
488	389
819	123
617	705
243	280
701	655
635	819
981	682
42	906
153	758
421	427
125	719
560	324
456	266
282	237
676	143
148	903
454	859
76	164
653	980
783	514
128	364
318	194
940	277
297	226
500	722
753	897
152	512
864	444
105	987
696	675
860	532
515	217
674	817
958	947
599	716
763	959
459	809
20	277
478	730
196	653
817	105
161	842
583	835
100	939
864	580
740	576
846	446
28	803
175	812
653	165
940	266
682	759
81	913
427	899
765	204
65	168
875	789
791	142
295	440
553	904
548	560
106	167
946	515
161	644
920	232
638	291
944	582
847	624
792	724
316	907
890	383
72	760
236	295
461	623
599	516
913	173
594	143
284	204
384	859
137	279
442	179
190	394
814	534
757	720
304	605
389	805
622	802
436	526
50	311
371	945
449	695
26	438
139	128
374	807
991	771
986	589
609	417
877	269
209	385
123	709
878	207
626	694
996	218
104	514
937	233
982	851
818	295
938	150
873	435
770	697
984	410
850	315
693	522
184	482
8	949
212	474
558	993
284	932
483	242
769	464
632	316
401	822
880	195
418	210
857	339
107	744
776	216
183	198
37	747
797	836
150	677
864	216
107	327
417	974
629	621
189	757
256	251
888	763
666	697
228	668
638	298
249	840
501	126
107	817
625	321
806	397
365	458
109	681
217	657
427	230
951	324
358	753
208	673
961	659
840	795
315	148
740	948
843	774
384	167
803	877
155	742
633	689
852	946
214	178
447	511
318	822
961	949
659	457
925	640
387	930
728	737
31	107
864	583
490	579
96	654
779	487
450	848
945	189
945	515
357	859
785	860
200	801
215	992
221	659
826	279
522	616
773	798
1000	950
436	261
638	603
600	370
105	632
765	712
91	212
343	775
714	960
879	169
367	154
573	960
102	658
534	914
915	941
744	328
247	893
272	843
484	204
993	654
228	494
922	165
396	261
77	951
598	252
737	177
920	659
573	709
162	662
658	160
325	360
959	699
329	695
559	387
610	969
451	801
459	111
976	562
408	641
682	116
355	176
727	253
853	388
362	906
532	685
226	664
150	366
220	342
491	930
244	754
850	536
750	161
979	228
746	441
17	479
494	146
813	296
284	196
864	947
637	332
874	927
388	935
850	540
513	973
526	530
81	250
130	412
383	343
55	411
603	327
758	256
985	727
233	489
64	873
191	614
226	449
301	884
726	136
321	330
792	652
126	419
21	884
982	433
16	849
32	204
232	305
854	541
141	109
892	172
116	154
810	973
120	471
679	612
157	710
199	102
852	750
541	262
413	494
301	862
455	178
274	553
413	537
237	543
964	201
186	533
640	396
514	212
228	266
750	209
641	769
691	369
69	453
509	518
957	206
369	479
695	848
713	180
9	490
517	215
943	429
324	769
86	252
648	551
487	877
83	406
150	601
444	748
991	375
745	168
247	576
447	802
582	972
880	107
608	802
255	395
500	732
777	232
173	571
99	636
376	828
221	633
859	824
448	293
923	171
587	237
823	215
356	310
281	585
120	132
235	268
308	426
139	343
251	240
37	817
115	539
355	703
268	337
860	656
608	165
192	383
344	242
189	260
317	681
73	811
826	487
420	656
634	946
555	471
998	783
888	989
662	474
988	776
694	934
76	981
781	247
456	852
238	920
890	607
582	367
543	498
551	831
488	966
812	438
979	964
826	964
545	787
694	567
124	961
611	628
90	227
632	755
713	673
873	946
846	445
843	604
740	647
365	393
623	726
657	608
117	275
617	729
601	793
733	752
119	788
634	242
163	392
644	117
271	147
651	903
426	102
693	483
487	489
711	298
30	856
768	233
203	819
205	434
556	553
476	100
866	265
246	795
600	769
594	534
953	769
72	220
809	625
73	153
131	437
652	924
379	309
33	876
532	357
623	809
654	982
813	514
408	163
890	828
509	907
132	477
805	497
603	481
757	341
475	574
932	308
472	284
416	802
177	384
276	441
312	860
880	891
371	556
519	278
891	241
371	224
849	791
650	406
188	809
594	136
258	761
263	959
915	824
569	185
919	192
843	821
671	439
185	523
289	535
579	443
883	932
32	172
713	200
752	788
254	435
83	775
41	604
227	871
187	467
67	977
650	474
858	393
139	782
470	908
302	704
934	117
613	580
227	342
975	212
492	172
884	466
483	305
392	646
332	596
727	270
220	424
642	355
967	454
747	163
759	980
236	279
435	882
771	218
347	446
748	370
461	788
844	771
524	684
303	276
61	612
512	319
442	508
500	907
221	674
333	935
530	429
850	153
624	663
806	295
620	838
887	306
379	629
813	145
216	255
497	218
946	905
163	801
545	447
590	229
988	317
951	520
984	728
681	725
124	700
340	759
480	936
114	501
264	789
689	230
566	688
618	178
122	139
683	860
746	824
102	305
867	726
183	350
464	629
494	613
400	868
363	572
322	958
790	958
489	194
794	708
34	176
794	907
626	203
126	749
52	981
589	697
685	771
814	930
657	568
761	785
265	337
70	224
218	435
259	498
647	517
582	950
870	487
257	169
468	142
291	978
12	243
31	387
816	149
223	457
402	602
307	535
282	223
267	916
832	271
102	155
52	449
516	173
410	262
613	994
159	632
347	424
8	751
289	631
409	528
94	914
40	538
931	434
857	699
985	200
952	803
255	475
21	436
599	696
963	559
574	499
321	399
487	646
773	163
355	589
756	494
836	970
921	588
877	233
39	636
824	268
878	810
982	733
965	767
356	859
698	513
707	671
636	995
644	805
950	507
376	532
434	217
833	936
56	974
928	693
126	675
690	230
583	769
421	772
982	433
38	246
31	997
765	203
287	745
637	477
681	566
899	153
553	963
919	138
335	162
102	833
395	135
243	689
319	655
692	696
304	112
5	768
228	988
601	755
150	198
537	701
919	974
943	983
337	653
542	171
603	856
731	712
84	957
777	369
333	880
195	461
746	129
925	191
671	230
981	429
527	831
826	315
350	752
650	487
486	298
185	818
353	683
116	366
388	466
569	679
210	645
841	344
869	562
905	424
195	477
523	640
629	269
181	946
561	782
861	637
413	128
717	355
967	476
10	895
598	565
401	908
549	776
651	136
99	756
522	320
797	535
970	179
245	339
900	134
214	468
882	372
539	352
176	831
210	919
25	995
622	116
180	893
997	797
389	391
883	951
756	575
775	548
576	204
953	477
593	602
363	131
869	733
121	473
930	576
265	588
193	836
588	695
57	243
714	168
833	644
804	135
636	536
928	966
130	1000
360	554
56	302
876	523
753	746
426	302
924	544
680	788
314	751
907	781
41	603
438	405
383	802
596	944
928	538
527	604
970	765
466	820
462	311
387	969
345	373
288	815
785	508
55	345
621	486
758	739
840	615
644	873
207	858
557	346
155	910
923	968
881	694
216	362
148	568
118	860
435	735
911	659
913	741
722	429
945	751
952	716
238	982
304	838
334	551
407	826
983	348
280	832
569	332
458	861
57	865
164	778
339	331
889	392
583	515
617	690
626	890
197	709
886	135
189	649
729	720
506	274
617	987
609	272
935	835
313	414
552	217
525	311
120	256
728	790
680	627
662	448
570	602
790	278
430	502
465	595
119	159
86	990
864	860
114	990
565	387
638	158
521	990
453	755
943	658
97	447
27	225
796	685
51	156
143	262
969	548
519	404
989	180
162	911
275	590
193	109
83	854
992	271
737	538
246	729
176	138
274	120
12	713
193	932
42	444
192	173
427	890
860	724
716	802
28	241
683	510
753	784
145	285
915	902
360	647
289	711
73	472
722	141
390	393
151	700
857	769
212	834
364	665
385	676
75	490
170	999
237	899
749	585
367	979
65	462
633	435
662	653
42	683
318	179
920	587
69	633
973	527
791	785
932	362
677	460
628	408
670	541
672	763
459	964
721	777
987	626
842	355
274	590
448	855
826	298
634	894
677	725
149	273
431	727
238	951
989	661
343	154
662	986
738	465
701	821
278	596
422	180
159	602
780	744
20	706
857	688
569	169
973	364
759	865
561	454
686	312
681	267
976	857
690	570
338	356
168	864
596	298
574	122
922	102
632	486
949	916
768	688
707	759
86	419
979	883
745	316
611	498
837	683
564	420
871	538
287	209
526	442
238	290
899	742
50	364
306	760
373	453
431	344
524	820
399	575
606	500
739	633
943	788
611	931
556	140
74	702
739	300
329	790
425	295
264	293
889	719
221	926
632	513
256	357
500	450
791	424
42	473
399	818
305	768
316	507
671	540
552	562
18	739
57	570
827	926
314	457
784	476
142	601
574	838
923	782
20	223
905	473
685	818
761	632
385	584
89	695
515	916
140	123
470	933
167	505
517	382
744	132
573	463
990	681
685	469
870	512
383	478
463	183
676	828
576	605
940	634
245	678
928	954
661	595
809	228
653	931
8	239
759	265
700	239
761	393
966	179
931	578
815	566
148	665
138	854
719	558
684	663
586	341
137	507
267	493
517	408
177	319
989	238
805	918
214	146
802	645
167	752
885	267
154	285
68	675
813	799
469	186
819	710
119	375
244	368
730	997
564	326
424	331
322	609
954	645
409	502
521	763
602	326
803	602
573	758
728	335
946	336
308	840
134	762
876	451
406	148
210	557
478	345
112	514
443	577
541	650
14	453
149	635
395	178
931	543
582	979
601	439
128	786
513	287
744	294
736	394
80	335
926	354
399	161
724	169
944	972
377	936
750	729
351	681
282	958
147	743
949	557
120	126
945	992
953	216
485	456
483	154
785	166
306	631
71	950
459	257
746	327
664	570
654	329
170	921
161	872
522	833
174	578
756	103
686	813
251	844
263	985
640	551
231	255
944	206
360	576
135	939
683	927
51	517
459	186
848	909
82	283
602	843
193	780
988	606
83	398
914	911
738	576
754	753
79	870
406	692
250	889
232	797
567	595
35	544
409	566
723	912
192	465
43	146
246	119
54	980
784	181
11	890
468	825
73	139
365	381
467	957
230	142
391	623
720	957
146	216
612	925
969	419
39	851
246	325
483	224
718	601
431	475
904	459
238	421
949	801
563	689
62	886
735	824
738	123
375	879
629	602
268	192
246	394
187	386
180	743
858	548
549	692
321	593
688	203
452	988
293	621
194	577
187	583
87	937
962	418
752	164
916	862
210	423
453	620
845	529
994	427
514	143
187	339
101	157
270	878
427	538
147	684
282	634
174	708
494	718
757	494
536	625
332	911
962	728
683	431
784	864
890	690
292	746
573	698
719	446
574	693
49	366
1	686
783	478
413	474
585	671
136	365
731	758
139	730
861	580
506	426
88	478
756	154
600	970
927	746
122	497
994	714
595	626
126	597
392	429
854	336
666	564
618	763
61	963
500	676
897	144
636	963
434	378
182	557
926	428
784	466
29	266
478	281
874	192
915	669
519	602
909	486
647	763
65	236
184	544
924	408
153	776
525	819
166	755
694	212
308	304
402	662
3	287
385	555
938	633
837	916
521	706
501	824
327	366
185	214
856	966
139	866
786	507
812	200
491	135
875	894
538	495
106	466
729	730
291	717
848	520
659	408
228	627
33	208
497	672
966	533
551	486
929	689
686	609
54	906
742	610
80	592
761	570
201	447
407	389
535	620
890	321
146	727
313	685
331	868
521	300
560	241
736	843
755	259
577	657
181	491
131	873
440	250
924	287
593	294
204	254
651	147
971	209
106	835
244	928
789	524
61	995
214	987
337	401
636	114
544	418
852	440
125	485
202	161
134	365
790	573
751	115
946	392
629	207
109	376
65	798
97	859
140	462
670	576
318	334
999	934
446	820
782	641
921	357
659	331
70	733
58	182
405	971
932	934
172	912
147	417
970	362
140	328
937	497
946	109
276	454
717	413
885	665
440	637
121	679
440	459
545	430
149	109
939	666
322	778
715	576
931	944
640	639
617	923
163	986
303	574
687	882
21	835
199	768
154	191
341	953
407	217
369	972
237	127
993	713
8	150
772	391
43	194
196	261
323	598
381	522
212	120
990	328
17	630
21	723
82	256
107	886
728	463
782	133
473	966
571	188
994	341
186	914
57	895
423	529
18	353
339	436
334	333
394	987
712	634
265	576
887	109
614	820
650	219
615	793
475	433
129	688
650	632
130	187
683	674
207	255
250	519
546	908
137	944
901	710
89	871
747	776
691	999
179	967
694	891
511	246
420	277
833	306
913	362
565	659
750	261
12	562
71	358
223	448
912	195
752	495
874	432
21	143
890	490
284	809
240	867
215	993
40	319
327	299
451	268
678	409
860	568
72	358
744	710
96	919
788	813
620	114
932	328
148	916
545	415
688	102
543	473
734	220
528	683
205	495
194	439
714	571
448	993
133	576
713	377
686	708
812	373
968	651
805	145
994	101
267	819
933	746
121	836
798	971
850	153
606	616
652	688
83	586
366	926
123	381
266	470
375	832
538	399
926	570
706	461
898	438
179	554
418	438
926	764
87	508
589	102
797	452
957	385
687	201
974	450
933	801
801	457
126	384
368	209
194	544
33	996
796	824
847	706
291	722
706	241
741	712
254	773
474	852
839	743
989	969
394	428
696	879
296	176
5	716
59	908
682	459
970	878
970	887
57	367
228	656
611	386
536	677
401	903
642	848
122	497
987	896
494	471
212	896
321	366
136	245
790	104
246	856
609	658
909	647
679	672
341	155
195	675
901	682
356	680
514	656
108	578
890	443
533	331
889	525
632	551
746	711
782	934
328	950
705	105
905	203
393	312
865	419
933	105
28	419
690	542
713	291
481	413
516	932
368	973
575	345
126	406
449	183
825	520
502	890
890	636
420	527
393	845
152	328
998	297
458	915
298	916
74	216
713	399
146	197
49	430
46	360
721	612
469	920
939	538
459	277
138	814
703	853
995	170
462	324
152	821
306	562
540	419
218	742
455	270
86	122
66	312
837	411
867	870
797	912
621	496
575	301
244	606
67	284
287	497
835	981
359	260
752	468
674	775
498	198
390	274
361	842
664	464
287	780
246	865
344	726
939	584
649	720
238	703
555	975
826	463
449	433
616	589
546	775
886	571
561	203
330	743
580	797
746	969
645	682
591	608
17	704
745	678
21	249
840	370
76	502
115	508
173	343
83	204
196	254
853	863
290	422
254	750
90	699
583	181
136	824
467	592
392	616
499	779
881	983
611	272
716	653
843	335
318	944
540	435
177	477
561	615
105	134
341	422
647	802
804	701
60	102
27	292
615	684
175	937
539	460
281	331
89	689
851	201
294	787
364	583
127	318
814	768
131	412
4	882
408	764
733	513
591	676
32	398
456	402
775	729
923	175
342	831
553	361
909	352
998	701
650	467
144	167
235	840
36	416
287	602
335	940
243	884
744	913
272	938
806	116
365	719
673	979
788	360
255	358
248	154
499	721
138	189
498	125
71	477
155	636
550	705
99	991
803	1000
986	102
425	771
650	692
851	945
923	374
702	890
660	321
760	254
218	792
468	770
405	941
774	585
839	768
951	138
878	619
236	451
80	517
608	567
395	820
639	243
395	955
643	462
948	749
39	865
219	191
575	496
733	798
861	328
122	927
859	604
450	147
783	443
505	450
487	693
248	620
315	936
428	377
144	556
271	467
526	962
676	569
795	608
292	176
579	124
849	304
206	406
183	652
192	194
958	378
596	408
678	828
127	386
435	115
458	618
97	191
972	652
421	454
131	454
899	929
119	584
193	280
703	482
987	486
141	678
959	906
91	306
187	560
8	440
563	213
463	715
583	436
456	143
986	403
612	898
776	889
863	885
269	728
454	862
460	754
854	204
670	978
394	377
895	610
487	394
764	116
704	610
530	720
767	645
987	607
213	487
287	844
158	587
755	293
331	294
226	323
366	989
383	251
99	658
208	367
998	318
63	676
42	799
209	443
756	877
411	577
481	313
513	886
664	481
954	443
504	180
565	144
551	778
611	863
445	684
371	735
382	951
802	430
710	533
57	713
198	691
677	455
484	174
87	545
530	752
302	442
447	392
463	302
850	246
295	727
176	560
117	402
75	854
435	813
702	681
82	533
160	176
892	205
66	478
476	536
967	158
521	889
327	289
485	975
515	221
67	700
293	948
346	116
254	887
269	219
208	307
326	608
331	162
442	373
855	541
560	682
127	282
865	898
721	616
965	379
301	328
60	460
855	144
539	853
518	225
268	991
791	501
456	212
237	673
982	674
885	373
959	239
981	499
888	347
689	306
832	522
269	755
955	979
505	510
646	138
440	476
64	676
850	245
478	644
73	758
598	149
913	179
245	361
432	645
618	763
633	995
410	918
580	797
470	286
515	934
868	268
264	972
362	250
33	138
285	573
299	544
367	633
209	608
132	399
160	694
526	259
261	618
500	365
354	774
142	397
729	560
400	743
629	796
847	872
788	941
152	878
327	631
173	411
996	367
154	578
448	281
574	869
778	932
353	483
269	531
503	102
120	430
148	916
591	591
433	764
972	105
121	204
670	114
620	736
460	272
564	815
285	570
94	870
163	545
763	225
339	717
412	953
181	131
316	796
657	735
866	590
698	530
49	537
142	254
696	694
973	350
356	654
3	602
211	863
703	407
75	479
761	294
901	999
878	346
564	381
538	125
607	124
332	563
317	825
304	397
325	918
89	692
371	435
327	406
463	311
379	390
270	667
719	717
69	769
164	448
938	307
365	927
434	895
48	177
678	347
840	378
174	807
967	646
289	356
672	986
76	539
128	557
362	932
353	713
36	590
912	539
846	694
38	702
258	332
661	350
699	328
642	747
321	429
896	731
274	832
193	989
293	626
30	300
808	291
821	984
612	109
579	669
449	957
660	235
107	290
115	181
529	495
809	690
428	196
223	886
161	118
416	747
553	258
482	118
317	386
24	582
731	439
365	564
194	810
977	799
473	907
152	745
828	483
994	565
390	179
429	181
520	389
650	335
640	765
164	892
851	233
880	275
716	874
552	539
5	148
289	690
272	799
709	742
851	206
502	530
284	468
705	113
271	933
334	469
999	262
626	524
416	566
279	844
303	273
924	612
929	194
606	787
799	330
658	100
115	332
65	913
860	608
706	651
135	672
401	527
995	616
331	333
570	885
220	341
467	428
526	234
687	826
39	818
739	297
285	455
825	564
199	102
862	526
720	295
267	518
794	945
681	857
441	723
486	874
722	211
473	936
643	757
772	616
621	213
139	709
231	702
926	141
353	281
344	346
611	417
103	260
129	560
633	174
255	871
61	255
724	764
111	156
135	346
642	269
213	777
531	351
188	475
879	739
168	719
601	499
689	436
466	804
832	597
519	715
545	344
969	303
742	703
587	442
424	539
727	277
972	707
835	135
559	152
750	905
198	221
267	389
611	977
854	184
673	580
120	522
421	935
565	768
485	131
691	244
201	785
861	845
81	294
620	988
53	562
392	445
519	537
82	121
260	849
381	255
399	650
221	609
885	855
861	190
741	265
625	554
948	226
919	661
902	483
380	524
964	388
325	378
467	913
3	633
132	460
411	807
954	241
302	983
527	825
731	387
814	605
739	963
475	980
130	393
354	381
977	691
80	892
917	946
640	961
513	129
20	151
540	763
951	168
240	931
479	761
713	963
105	230
502	882
681	311
140	662
941	424
101	297
540	184
178	717
429	405
214	884
496	190
372	200
442	255
697	974
639	763
458	535
7	256
46	302
658	547
799	687
202	621
104	553
195	700
34	428
306	690
992	205
281	763
168	989
777	792
963	109
760	923
154	685
777	929
634	399
323	591
592	759
479	261
60	453
263	963
441	834
22	926
569	982
320	983
820	867
878	613
703	124
481	394
292	542
151	731
656	474
142	833
210	487
530	398
159	377
630	477
103	969
799	298
218	713
424	990
347	952
51	596
192	549
366	165
977	294
139	444
760	522
803	258
517	763
78	656
781	855
762	578
512	653
64	744
998	708
127	874
458	228
757	420
652	446
720	272
999	371
589	676
289	853
903	252
434	740
901	453
167	532
493	595
724	806
646	789
716	153
896	273
709	128
667	926
673	242
935	718
310	376
519	115
462	916
97	429
103	526
60	427
771	488
656	945
160	662
409	943
470	975
37	216
475	723
770	815
372	712
756	453
810	795
3	606
826	310
867	243
551	516
213	890
582	580
880	788
435	227
911	622
258	319
708	620
482	886
714	416
825	752
915	996
750	409
362	476
801	702
397	413
230	232
390	645
220	585
661	693
563	518
7	608
215	785
476	299
679	367
653	837
722	182
497	710
878	438
873	866
339	750
204	883
431	306
231	189
566	823
285	648
668	988
741	523
836	808
664	272
12	439
807	267
560	872
737	296
234	221
306	299
92	354
398	978
357	269
674	546
254	678
536	538
974	317
295	978
230	971
21	336
103	461
982	405
480	138
282	297
223	392
387	784
326	162
220	639
109	660
232	142
135	210
47	406
558	976
939	683
641	925
981	300
133	122
199	230
456	485
853	972
65	571
510	280
984	195
923	941
499	992
385	340
724	731
718	427
573	106
791	701
858	933
208	505
736	761
809	442
124	172
321	327
365	947
821	280
339	467
435	145
815	446
108	216
659	650
169	520
590	843
531	467
143	886
394	487
351	897
322	352
59	512
881	450
129	550
660	658
748	308
274	626
830	140
337	919
626	735
417	383
564	104
371	769
978	275
707	917
426	620
906	516
598	520
401	853
35	208
905	393
570	896
242	596
155	218
361	530
68	996
193	713
685	107
563	964
987	778
988	425
712	480
896	937
793	319
204	259
728	733
360	791
774	695
89	513
615	283
53	410
564	701
751	872
913	497
899	117
48	314
576	525
280	902
845	550
216	976
774	503
449	136
49	273
916	481
566	926
64	298
219	690
466	572
327	303
995	446
223	732
302	496
111	686
471	305
859	596
673	458
455	338
241	146
386	680
954	600
772	571
311	969
403	472
692	484
969	106
375	328
128	441
56	356
976	848
939	827
475	984
138	604
444	559
444	306
373	133
371	391
639	968
138	144
821	732
699	217
494	524
441	244
173	975
946	671
482	264
59	358
556	826
812	565
488	902
655	471
351	357
1000	790
897	450
757	778
604	488
174	100
149	628
39	734
260	775
265	481
809	823
374	357
394	565
364	678
723	728
527	628
845	139
618	289
326	541
824	494
549	901
967	286
306	568
271	498
876	478
538	163
575	837
95	434
794	856
824	799
671	593
448	647
179	930
782	305
414	400
329	149
883	787
788	112
56	547
159	476
625	618
369	768
412	664
157	180
712	339
693	258
250	457
824	965
899	596
329	838
509	386
460	949
908	154
750	387
484	541
197	855
298	902
403	106
627	483
544	814
445	245
207	359
376	203
213	515
45	644
596	965
148	898
433	955
464	816
347	150
450	535
538	452
787	624
849	647
906	578
369	505
906	177
37	623
779	156
575	559
503	229
228	260
335	153
121	552
400	336
611	668
469	519
855	323
487	101
860	935
754	725
532	627
197	270
927	840
410	879
165	964
52	448
949	232
955	993
186	625
636	778
27	395
558	218
443	465
125	376
981	713
200	173
376	748
354	275
139	516
185	575
476	315
250	939
762	110
351	699
156	779
806	917
845	394
76	327
477	774
744	907
200	150
453	370
939	591
955	850
589	648
105	844
174	871
123	954
168	788
968	805
880	325
761	817
523	348
982	776
542	696
154	775
978	485
581	730
593	475
853	326
765	471
209	217
898	500
399	254
421	470
626	620
838	334
622	982
966	331
376	295
700	197
925	539
718	223
817	925
25	320
613	855
12	481
203	680
236	471
205	887
579	763
293	662
176	835
30	809
958	526
284	876
346	661
927	808
336	318
519	492
67	352
79	329
605	177
778	318
847	109
354	958
216	802
477	324
311	566
307	839
635	862
111	284
34	498
542	283
89	260
688	597
100	653
681	913
607	332
968	791
404	889
95	611
478	491
528	892
162	497
519	621
308	534
803	149
133	552
348	919
791	875
431	347
459	417
191	485
569	610
482	160
123	469
770	357
616	586
820	396
557	889
67	720
183	142
353	420
165	537
780	789
319	761
724	205
95	214
901	213
709	379
857	647
226	746
760	360
817	176
367	903
823	211
336	326
629	416
958	719
11	721
312	972
28	843
318	950
489	788
75	511
270	792
721	892
315	676
781	777
698	837
957	653
327	327
581	277
935	201
535	903
149	966
54	478
968	215
554	945
709	133
947	944
906	418
860	860
212	458
838	611
739	398
477	584
836	390
670	359
641	751
289	660
165	705
644	302
884	284
59	340
706	542
286	927
98	282
680	341
634	740
615	705
947	914
294	771
991	167
94	873
377	423
564	205
924	975
950	727
412	454
940	850
449	661
832	290
450	910
59	913
979	700
986	659
395	180
603	832
298	404
212	672
71	336
485	897
284	581
363	555
331	131
172	738
545	612
792	476
668	532
338	160
17	315
8	965
961	563
445	457
916	814
699	180
897	958
373	900
312	308
11	990
464	820
864	822
745	793
592	775
825	601
602	209
710	429
46	841
106	187
876	524
667	697
183	392
150	603
42	440
872	343
9	604
334	595
769	673
213	758
986	694
540	345
949	287
422	636
303	255
634	471
870	663
215	586
255	693
145	217
121	610
575	910
388	679
193	959
740	744
977	961
31	822
69	872
88	992
619	965
897	816
454	142
556	444
346	884
928	109
453	780
467	307
794	983
57	747
5	971
13	369
288	966
261	202
221	573
549	891
952	337
734	746
351	978
417	718
132	314
379	572
196	878
791	635
712	112
770	837
964	264
249	515
289	606
668	170
552	128
193	315
214	886
333	392
847	640
745	278
212	523
651	361
24	688
873	962
285	842
720	499
841	322
15	733
912	726
814	432
608	107
553	238
898	641
629	178
346	494
46	575
409	350
928	397
525	752
46	184
291	521
50	151
946	280
945	704
67	878
564	219
36	555
859	291
960	187
841	670
372	646
764	917
167	285
326	730
992	994
144	395
513	624
581	439
92	221
532	270
32	593
685	277
970	129
472	548
30	301
383	605
178	308
83	553
949	553
790	197
95	707
395	210
438	217
19	448
138	953
870	440
874	953
37	204
575	173
73	449
191	906
944	737
687	292
570	439
408	564
708	187
614	213
624	172
644	458
676	334
206	109
864	694
257	514
829	775
250	938
781	642
48	643
601	794
364	285
325	554
922	516
843	389
946	878
992	346
648	717
778	489
195	671
45	553
478	298
230	305
877	368
37	989
762	785
177	558
789	979
664	354
242	532
469	353
646	658
562	317
570	990
997	801
126	461
370	785
447	270
758	644
140	543
521	398
960	114
539	749
8	317
104	295
985	536
552	621
389	944
656	231
753	608
631	544
544	544
838	358
721	383
333	457
296	726
744	236
250	284
97	105
993	100
965	812
290	389
581	767
542	586
391	985
363	663
713	742
576	802
796	502
181	531
778	144
123	553
248	724
651	842
931	319
824	333
362	908
473	639
932	948
479	471
90	355
452	720
308	698
409	569
58	462
538	893
997	822
86	708
14	907
54	520
312	121
301	780
969	341
70	346
761	990
304	656
987	759
414	551
262	332
360	964
345	987
570	135
915	508
898	533
367	940
589	949
6	582
27	795
77	732
448	213
257	113
493	704
293	740
82	335
544	841
625	967
494	279
177	456
339	469
242	844
457	600
898	664
999	559
153	109
59	963
859	388
220	734
269	338
188	256
15	352
516	649
822	900
469	726
474	457
707	448
106	887
382	502
1000	128
787	673
679	133
707	631
526	700
405	508
101	905
287	781
374	159
948	418
817	392
704	266
928	170
128	687
694	253
624	881
385	745
291	475
885	243
133	897
78	899
898	793
951	303
157	569
421	452
186	981
594	685
961	702
638	921
559	155
955	496
741	632
585	836
310	374
975	293
358	383
767	482
186	539
858	433
762	546
860	860
210	244
925	710
365	716
446	298
941	543
857	386
335	850
195	901
393	768
618	812
634	966
872	870
348	886
254	719
916	730
384	788
425	434
338	929
663	911
927	903
1	608
646	855
674	412
873	793
137	813
951	490
874	158
243	230
766	197
419	701
726	767
70	963
976	544
664	791
998	252
85	936
386	854
33	786
337	712
275	700
66	581
42	619
433	750
236	175
195	645
816	576
675	487
26	955
866	327
552	948
406	331
161	279
199	409
380	585
355	162
588	875
97	826
673	398
542	445
4	260
299	185
325	221
128	592
620	495
851	492
947	288
873	227
608	379
683	435
97	897
707	205
785	784
426	923
793	917
574	742
969	275
298	360
625	161
384	439
919	998
5	471
506	518
922	209
107	791
916	773
471	229
333	816
561	439
31	746
186	714
781	544
982	582
627	249
313	556
804	492
127	511
837	451
15	995
152	971
405	401
583	752
56	294
126	104
713	813
996	430
674	395
233	374
81	377
838	302
559	816
1000	410
711	266
836	339
997	276
680	899
187	828
656	531
700	130
505	723
405	335
235	654
504	220
980	876
646	533
738	835
447	404
465	544
444	992
547	450
246	295
97	888
983	453
907	419
736	999
207	406
427	474
857	534
887	118
722	452
557	262
665	563
279	741
38	629
426	393
897	576
822	773
991	959
85	374
803	443
473	189
182	307
802	997
169	665
316	960
573	339
478	968
978	947
797	242
778	650
771	944
750	382
958	472
510	129
597	733
463	668
205	100
947	798
763	305
453	639
54	849
108	463
285	239
485	838
200	307
793	128
423	104
459	391
96	778
940	714
247	163
15	361
878	905
695	126
814	741
243	478
257	806
935	831
77	644
170	464
507	941
361	292
434	154
637	136
372	694
903	733
116	256
452	593
177	791
202	212
551	589
836	981
225	561
440	974
662	642
413	967
905	958
783	114
516	327
800	846
236	995
275	850
960	836
519	562
594	992
195	756
84	253
151	901
789	315
342	913
312	120
18	336
217	905
591	872
577	236
645	124
715	670
126	581
136	509
246	182
444	139
917	993
653	291
891	218
641	643
660	247
133	670
196	542
94	370
212	789
573	656
46	765
785	851
532	981
626	329
763	359
959	763
873	834
856	418
324	166
283	569
836	322
71	384
729	258
264	817
773	588
522	615
430	285
3	846
338	696
698	301
842	326
393	981
88	247
223	738
792	949
715	520
443	866
59	999
82	226
702	779
679	628
585	128
905	604
10	644
125	826
282	761
581	260
566	260
594	922
14	1000
623	158
666	308
128	474
868	814
768	374
118	312
513	291
38	113
960	953
583	399
902	830
748	689
578	956
408	735
807	299
308	930
793	504
641	543
182	225
734	678
187	640
336	930
423	222
846	767
310	949
198	624
57	321
762	780
823	198
398	627
70	590
128	742
862	207
600	761
362	311
419	680
933	367
461	419
352	654
484	706
227	178
962	847
794	982
59	299
428	172
44	825
853	234
734	870
891	433
783	190
688	492
570	621
136	594
909	177
164	545
85	707
20	445
374	899
949	949
541	206
895	883
806	149
231	850
636	462
750	267
972	917
614	804
744	505
627	305
311	865
802	747
19	976
878	574
380	238
186	634
161	573
631	769
712	160
260	529
900	901
356	397
663	204
848	105
998	416
183	371
143	745
363	697
635	577
402	951
963	975
427	420
972	153
337	124
759	135
138	546
799	482
91	533
576	554
857	754
268	947
732	942
892	218
826	400
959	399
571	829
401	241
342	378
650	755
241	701
641	527
92	331
618	577
288	445
295	871
874	167
862	381
698	176
278	588
890	229
88	958
371	585
679	177
8	948
314	330
310	652
372	700
640	860
421	112
695	822
598	976
252	930
96	173
983	406
766	482
114	900
28	674
113	257
750	348
373	497
912	942
605	214
505	520
683	452
619	946
789	307
617	982
27	897
330	891
729	169
883	264
882	913
339	588
87	856
536	327
792	270
10	797
657	793
549	392
959	542
401	601
707	622
559	197
91	733
825	508
224	134
840	753
972	390
568	548
139	598
1000	267
504	858
529	369
484	587
551	463
642	216
725	406
693	750
379	620
534	816
7	876
169	878
811	227
355	807
611	419
475	326
673	897
476	568
236	949
481	310
535	445
184	563
879	838
104	879
70	998
625	418
909	932
848	436
610	581
423	250
636	834
329	707
788	142
492	713
554	719
386	900
23	796
108	423
500	893
596	944
42	309
153	142
949	818
203	607
967	602
372	561
353	958
99	515
189	267
370	357
207	865
902	746
844	760
725	421
537	799
748	328
122	374
772	576
826	681
75	204
653	359
757	339
169	161
269	691
637	766
945	180
244	567
616	654
269	728
559	754
950	707
632	434
771	155
321	947
488	103
917	756
404	436
909	209
362	302
485	218
258	815
609	423
56	693
957	456
493	955
534	999
439	581
948	663
422	204
115	544
688	387
635	276
163	904
21	570
28	334
871	421
864	360
212	930
128	426
189	516
215	696
707	363
555	678
950	462
292	201
431	386
393	100
431	850
839	479
470	720
940	347
705	353
900	833
297	317
740	990
638	354
138	398
763	858
175	456
544	901
219	110
120	981
436	825
770	583
611	712
774	275
790	421
147	779
691	390
567	348
382	829
331	936
714	611
315	711
266	935
5	882
443	212
203	865
183	611
742	401
589	938
750	565
276	475
848	409
834	667
495	255
394	641
461	679
224	638
261	641
581	102
176	793
363	523
54	894
823	529
11	264
352	976
324	766
321	553
882	434
728	337
479	358
35	446
872	350
409	316
472	757
798	164
470	570
979	911
599	115
762	410
29	897
837	198
987	725
966	223
16	622
50	960
691	625
102	379
404	154
858	990
769	899
372	362
504	228
26	673
334	789
2	728
575	159
379	777
116	877
870	344
631	308
84	157
236	726
620	298
985	813
664	818
723	669
690	551
331	918
6	259
447	286
561	127
690	110
538	818
387	654
907	897
875	287
147	677
387	162
635	919
957	835
304	922
120	792
898	766
600	323
844	700
443	422
843	258
807	865
884	454
699	198
41	657
972	439
71	563
211	354
660	494
565	413
420	356
156	811
672	548
584	109
159	574
534	165
768	554
594	129
816	647
613	991
914	488
141	534
203	814
108	967
604	986
457	615
719	170
809	655
85	575
767	663
958	843
142	1000
859	833
215	123
403	531
874	972
49	134
826	364
425	621
255	597
453	257
559	820
763	367
706	866
9	679
277	105
468	682
765	345
77	544
738	798
355	649
785	698
943	227
697	920
663	443
45	960
991	732
973	452
456	802
483	448
337	103
692	275
310	335
851	464
419	168
318	394
609	575
919	209
733	467
950	843
608	443
42	955
257	209
547	1000
429	152
462	768
73	762
536	190
179	568
969	471
522	415
343	395
456	815
370	978
372	667
233	749
735	696
719	247
337	936
884	939
290	348
608	550
336	276
253	500
502	801
6	602
944	207
978	436
847	289
957	316
40	731
118	942
391	934
539	564
821	923
661	124
409	533
838	952
739	161
591	264
458	792
437	585
625	805
258	866
486	747
3	891
922	582
498	991
810	723
642	600
751	782
746	866
419	128
140	654
838	455
425	258
983	413
283	782
222	430
436	347
416	779
87	723
406	184
795	879
497	825
922	192
702	157
134	437
919	425
832	303
777	967
982	458
165	408
170	934
732	956
346	392
789	808
383	817
133	441
17	925
147	147
581	684
170	955
160	638
404	399
253	329
653	503
853	651
447	997
469	865
511	449
230	435
954	447
118	327
202	930
282	343
596	578
871	960
506	639
164	109
217	713
604	754
128	453
159	331
821	364
555	173
308	497
816	960
741	254
10	876
436	459
976	186
989	382
719	899
662	116
519	148
593	422
980	283
814	699
302	653
590	275
507	132
959	869
224	388
735	573
578	837
813	598
885	279
481	329
183	234
62	680
799	107
190	840
62	807
418	254
950	127
479	778
64	744
728	210
504	157
664	705
165	877
684	575
3	284
886	868
614	227
329	733
704	836
665	814
542	963
749	807
902	352
257	333
525	669
124	244
528	449
676	747
6	330
646	983
340	144
885	208
423	184
273	995
725	829
383	163
304	867
21	214
74	293
861	156
479	263
337	982
559	817
471	484
924	309
313	217
323	156
656	481
561	376
409	835
150	280
617	377
954	312
776	256
661	577
322	163
196	536
340	182
128	704
654	925
16	503
537	543
216	395
801	101
356	772
397	759
221	709
454	836
550	353
918	921
940	905
595	408
556	617
411	944
193	465
768	799
969	768
92	591
903	442
736	433
603	333
702	298
380	500
541	898
110	582
634	777
976	181
206	465
6	209
240	802
278	357
86	247
450	622
529	701
558	112
967	861
164	518
738	803
430	503
942	344
356	690
267	379
841	108
693	340
354	719
881	926
968	986
430	738
603	399
905	728
380	264
506	831
567	544
618	841
550	798
54	705
598	567
384	879
872	650
291	510
977	472
150	405
95	488
974	256
206	645
323	855
429	773
606	393
999	760
671	996
114	314
82	674
84	905
206	572
98	860
717	983
539	774
310	738
343	537
914	985
791	791
933	933
919	569
273	572
941	787
342	830
797	933
798	795
867	603
105	922
442	901
760	920
79	403
204	293
407	984
143	863
550	944
841	562
352	825
883	331
702	287
374	784
735	674
778	657
730	999
90	274
14	993
326	730
460	178
833	168
446	370
24	293
186	317
119	976
226	586
878	374
737	157
196	826
390	117
958	521
332	155
567	582
761	638
119	651
868	903
444	901
613	634
257	454
913	611
367	526
297	947
365	232
112	674
673	260
498	524
251	700
11	797
777	468
765	329
420	244
972	883
75	100
38	678
698	320
828	729
773	678
250	325
458	322
369	392
893	657
213	210
987	824
829	901
374	535
410	623
638	446
426	206
769	181
865	484
242	881
530	716
56	815
371	210
4	684
240	704
339	779
855	229
289	666
180	896
740	365
318	589
426	186
80	515
377	580
417	509
841	650
471	164
140	238
901	130
865	370
325	673
574	327
893	804
542	953
281	998
943	891
2	103
489	348
770	801
833	391
476	713
129	265
953	782
44	256
345	881
697	352
615	870
684	779
823	433
511	305
710	707
368	758
372	235
46	925
473	994
858	372
331	153
188	956
279	925
799	431
65	127
665	418
194	665
466	352
229	791
135	699
344	380
213	119
570	760
654	989
62	276
91	411
106	100
246	199
321	181
959	705
62	616
795	469
799	622
916	261
919	509
934	546
32	235
733	116
332	608
195	668
103	175
125	665
77	864
404	241
630	155
465	385
806	149
788	255
425	918
980	339
190	839
325	239
721	901
101	665
801	198
631	130
176	704
492	558
478	138
217	419
967	620
983	720
331	258
382	793
471	555
687	480
696	503
977	694
595	430
686	327
629	703
954	394
689	894
549	960
120	517
359	597
487	528
81	986
194	684
775	480
541	212
126	743
737	646
804	351
652	625
226	348
943	603
203	861
442	607
371	496
711	834
46	465
98	496
407	573
968	558
366	121
913	579
211	161
525	459
939	943
66	735
487	937
318	993
735	701
178	871
440	256
686	949
363	392
767	417
917	778
414	272
292	280
371	810
298	866
24	446
996	967
902	448
904	869
380	232
96	383
664	788
400	503
186	133
607	214
259	793
744	309
387	172
807	231
623	320
107	529
687	152
160	133
3	397
285	364
141	255
277	419
724	371
955	250
131	841
756	100
469	801
563	726
353	528
327	770
531	809
8	258
698	441
789	280
214	709
782	527
489	389
10	841
595	754
524	722
876	526
551	714
731	948
152	327
252	680
74	153
99	285
855	536
528	979
966	656
229	729
612	747
930	900
415	720
363	707
792	791
14	600
412	371
25	117
324	429
841	314
366	443
411	524
739	629
193	970
496	234
295	692
519	227
448	712
88	994
427	527
404	592
910	647
593	500
436	381
942	590
772	302
669	267
467	242
620	915
410	944
193	770
460	734
954	855
781	438
263	251
830	553
551	967
898	891
331	664
541	481
54	774
92	602
785	414
995	951
468	692
414	253
980	817
731	408
581	339
705	293
183	695
673	147
847	202
247	339
826	925
149	154
102	194
55	856
655	201
991	266
700	591
762	128
410	382
838	788
356	359
342	573
920	949
934	730
948	478
629	382
366	199
949	459
924	932
604	503
299	494
260	773
692	542
561	994
973	895
799	685
353	558
781	947
661	553
600	317
718	300
479	420
15	827
623	297
600	273
974	584
700	146
237	101
353	108
278	743
639	858
705	283
415	321
37	593
56	692
405	498
603	232
886	316
331	660
49	979
659	487
94	829
649	165
95	287
498	988
36	635
269	870
397	375
282	390
410	255
311	578
385	673
684	410
310	315
560	750
59	263
728	883
121	286
698	102
82	753
170	343
167	406
284	939
558	600
72	625
943	667
925	834
559	456
214	855
276	377
378	205
754	913
620	374
537	645
263	939
638	1000
984	383
972	620
676	961
229	838
671	878
269	419
562	324
630	905
261	675
961	603
487	982
72	382
369	163
237	945
458	437
916	302
996	205
242	755
859	946
240	482
656	828
922	950
20	616
718	326
391	730
4	114
351	695
843	954
756	428
851	265
750	672
790	771
744	198
596	815
296	182
150	236
435	771
77	506
225	208
491	154
918	999
937	831
224	806
702	958
344	546
395	385
488	633
62	716
871	836
429	614
354	859
165	143
804	603
149	442
982	157
705	596
44	228
500	943
828	689
786	423
176	440
41	661
649	414
254	978
714	971
80	968
18	430
7	672
498	318
459	536
101	377
25	576
484	838
196	369
456	779
71	215
347	128
442	242
344	265
122	228
540	165
474	344
478	104
257	379
865	344
562	666
525	161
662	685
779	592
516	987
952	187
333	809
574	567
77	596
473	609
448	558
268	436
325	618
646	268
821	431
185	137
895	239
567	598
281	610
455	620
147	720
527	196
181	912
404	324
811	694
109	416
270	602
202	647
799	999
79	509
748	680
454	725
290	285
729	209
166	392
611	825
390	969
731	672
419	297
332	756
15	965
863	880
109	982
12	291
593	232
894	643
955	814
658	722
1000	184
932	175
474	170
81	405
864	824
958	383
501	209
213	268
280	191
165	674
186	670
449	363
110	892
367	491
89	437
728	708
930	968
223	253
592	901
382	163
714	822
955	244
88	697
123	1000
516	468
72	351
896	550
697	834
158	289
480	907
400	736
316	409
195	602
449	820
509	211
455	176
89	658
499	877
456	334
268	308
123	982
243	834
871	289
277	291
670	580
220	599
445	508
146	685
435	325
785	946
235	333
568	325
235	360
74	542
528	678
61	687
573	722
903	666
531	308
47	710
72	634
616	738
610	700
196	961
358	600
810	964
232	260
127	295
66	469
181	881
96	956
879	866
249	481
659	935
202	410
565	598
642	207
158	926
824	436
620	516
788	613
539	672
77	913
361	206
949	217
643	670
475	923
804	606
949	947
950	955
811	459
976	694
75	800
597	774
303	887
356	450
716	969
519	165
540	130
102	984
568	218
53	220
330	865
283	214
151	377
869	128
30	641
651	104
950	167
958	683
538	387
250	504
639	407
46	404
757	221
218	822
163	681
794	343
152	574
639	325
650	303
621	109
356	437
264	888
264	191
123	996
819	339
429	596
772	536
390	737
816	987
941	499
808	306
126	191
412	703
576	630
971	842
233	597
604	638
365	177
301	395
905	878
870	512
794	914
752	778
95	234
647	135
86	355
683	148
189	313
499	984
345	817
136	628
328	306
544	342
859	281
981	596
460	623
760	677
118	905
927	507
825	839
303	756
163	481
726	131
56	141
204	817
720	278
143	309
625	672
835	919
608	615
646	717
656	837
13	492
849	929
615	553
829	586
57	668
660	784
235	577
5	258
334	693
983	556
779	185
228	306
995	501
70	614
940	452
844	172
630	816
352	584
7	726
158	248
213	888
378	136
705	847
965	743
347	332
727	677
460	115
393	417
95	724
879	424
496	893
435	497
131	265
326	880
314	979
727	804
753	313
478	145
905	160
901	146
351	928
809	976
564	269
914	600
593	147
566	304
309	904
224	212
669	437
524	870
919	153
442	458
901	574
881	122
206	275
637	944
948	263
537	277
683	168
838	301
171	142
443	519
1000	515
821	238
33	462
823	969
666	513
699	374
524	577
770	823
188	821
798	617
891	522
12	252
226	640
521	913
560	409
338	136
261	911
352	693
484	491
421	124
151	109
708	178
135	280
180	782
159	884
668	883
247	343
682	500
924	905
552	348
911	543
289	516
821	227
299	694
246	918
799	927
568	967
771	715
374	475
52	729
665	542
339	841
562	734
826	472
756	376
733	285
477	974
465	189
194	605
273	430
231	918
764	395
579	976
951	659
591	842
880	300
55	890
782	777
820	813
707	151
446	238
213	524
421	880
627	768
200	990
20	469
181	457
215	874
959	581
565	523
597	661
814	525
161	137
772	245
452	982
104	228
629	574
73	654
461	813
501	841
393	107
1000	173
162	987
303	658
392	101
696	874
837	350
58	451
802	158
898	442
17	958
257	692
7	477
38	513
983	993
888	957
88	810
279	273
434	496
742	749
86	232
216	582
136	290
680	237
400	646
670	572
293	852
620	940
83	843
615	740
501	702
609	430
830	534
848	687
676	114
749	815
875	660
283	569
857	145
387	712
374	840
755	620
163	152
123	194
627	266
42	379
673	892
389	264
783	339
335	319
330	823
934	442
383	603
583	240
733	836
638	720
551	407
173	296
634	317
386	298
631	784
426	470
644	433
584	771
204	505
931	654
238	317
158	962
168	200
744	409
911	919
568	359
763	424
46	226
302	158
755	193
315	921
635	590
292	360
945	152
513	843
931	946
508	432
308	695
835	404
537	584
718	306
874	528
622	687
675	705
565	397
80	368
680	895
348	732
540	432
241	750
14	699
300	732
113	138
478	340
422	258
558	964
224	855
282	232
2	532
81	934
21	940
969	560
737	369
627	548
327	283
710	896
723	504
355	159
228	205
539	614
552	395
766	140
493	806
182	761
619	161
94	968
493	576
173	583
932	839
328	813
33	385
12	278
969	964
398	935
538	899
368	205
847	465
859	827
174	183
628	403
892	788
686	474
114	645
301	466
274	621
96	925
575	216
574	308
633	835
796	473
436	154
815	644
753	537
273	216
880	556
26	809
180	315
471	728
615	227
115	662
337	966
637	367
782	423
954	887
516	199
103	977
789	439
535	546
169	194
261	997
997	370
868	389
161	639
156	170
702	674
149	687
517	515
422	989
887	100
33	995
902	621
152	962
576	886
903	402
237	311
71	746
566	134
717	369
806	505
826	623
835	685
850	974
658	351
718	535
579	514
491	263
21	567
877	946
203	986
730	156
885	735
102	439
848	187
241	531
66	774
405	384
514	305
979	327
145	918
147	106
52	399
33	435
632	339
190	579
400	462
718	510
164	601
20	935
191	976
836	433
138	795
67	303
158	164
400	603
390	232
228	963
515	445
200	262
558	752
2	123
904	196
10	179
53	649
603	616
234	658
484	334
147	203
495	680
395	475
699	956
628	664
290	232
817	172
696	661
93	413
851	354
217	858
810	118
731	142
17	175
524	520
20	907
442	954
65	243
386	701
708	321
945	807
123	142
254	589
145	925
347	953
333	464
506	941
372	997
743	649
228	918
404	685
442	856
484	620
850	900
178	256
199	968
134	303
596	155
700	757
329	628
344	960
861	956
893	953
431	382
513	425
945	245
884	326
417	473
396	814
407	733
122	259
492	635
587	668
847	286
609	124
180	295
615	422
165	776
87	879
449	839
423	526
154	200
628	423
512	247
647	764
468	786
235	834
834	301
604	464
984	451
506	143
411	150
611	396
152	453
116	847
277	244
163	405
264	344
501	321
970	205
369	726
839	744
610	789
939	282
329	258
332	563
220	366
364	709
692	911
610	141
179	332
376	705
216	137
259	644
908	355
474	198
471	165
836	927
717	300
926	923
27	989
860	513
332	230
131	628
171	625
299	725
693	314
492	484
314	285
595	904
664	817
924	270
478	351
304	378
812	245
723	283
950	549
6	277
651	611
958	771
23	561
184	728
660	129
94	234
26	848
64	100
873	748
587	139
35	109
857	196
64	672
823	223
926	440
515	285
343	103
755	519
833	716
872	231
371	364
124	545
710	485
1	154
83	481
657	178
74	448
339	769
545	794
748	476
794	563
966	738
517	856
764	609
178	191
866	945
514	703
611	404
24	216
977	391
217	197
549	189
110	341
961	167
953	433
509	298
726	943
905	859
69	922
596	682
555	283
949	106
94	684
859	106
664	217
712	219
227	796
612	907
20	416
848	806
31	738
348	691
564	127
371	246
412	890
191	264
549	568
586	804
677	725
695	915
322	513
485	985
180	559
351	313
466	653
825	889
486	632
197	697
329	567
648	316
296	722
352	937
263	981
792	181
624	682
452	328
566	833
389	187
49	951
86	711
381	557
583	367
771	179
169	642
636	741
953	496
301	959
787	954
288	445
554	451
935	768
591	979
362	848
827	732
41	235
452	196
869	231
646	414
54	181
990	347
608	992
90	860
328	844
491	366
975	527
663	833
1000	727
984	309
597	209
857	598
810	340
122	602
784	176
133	375
536	933
464	105
57	147
470	840
302	202
432	266
926	188
562	818
848	731
218	714
846	383
993	803
996	127
792	207
558	145
197	286
120	681
332	773
884	557
25	776
432	585
159	898
326	743
551	431
784	917
971	556
405	865
262	386
423	921
436	322
492	460
473	685
435	615
367	445
39	489
831	316
288	854
971	104
71	987
851	476
647	596
691	502
903	568
732	585
772	354
585	665
909	459
614	724
69	150
969	294
570	491
849	280
263	209
318	814
49	937
922	778
711	418
96	186
52	764
366	758
786	396
620	533
460	609
764	649
512	912
613	838
337	628
507	185
616	272
33	110
794	978
246	692
473	631
426	656
322	557
115	613
730	920
309	605
963	853
670	694
924	603
20	732
486	984
54	368
269	819
901	905
794	522
11	992
370	638
299	337
302	881
793	507
574	161
990	312
663	910
14	491
592	185
156	423
696	720
57	462
431	973
111	662
792	128
593	701
912	820
73	102
725	457
881	221
446	504
4	985
227	383
561	749
741	723
873	747
335	770
717	571
540	235
59	822
795	421
973	860
163	444
102	455
593	250
579	574
982	790
821	731
593	160
809	200
687	360
594	257
592	332
533	893
62	542
660	439
420	832
910	262
437	224
462	235
595	168
365	551
816	600
495	497
444	446
543	954
67	681
321	645
466	136
907	711
428	491
281	537
58	397
199	653
708	232
696	603
914	460
468	587
712	201
685	805
889	830
71	224
2	964
161	913
741	342
447	218
375	594
268	418
658	850
786	883
669	996
926	995
263	296
106	337
317	195
907	748
851	781
367	182
388	177
664	742
850	430
220	513
222	343
831	266
8	568
94	145
973	842
587	488
240	996
504	488
978	289
697	362
412	765
847	152
245	119
457	504
992	324
527	561
935	943
461	192
691	786
612	237
435	558
442	144
384	761
337	512
577	352
523	110
61	337
791	365
583	138
365	107
343	289
483	697
686	135
33	308
698	407
493	398
64	589
904	104
608	600
241	723
53	867
821	351
841	389
495	212
251	300
389	127
121	538
458	309
89	392
153	365
19	681
873	558
471	336
479	779
236	134
296	336
279	345
72	442
739	254
575	766
103	721
334	994
599	312
806	810
602	574
255	562
379	253
742	220
700	786
227	826
206	805
141	104
873	852
652	575
309	656
280	178
432	944
930	961
617	903
764	885
977	828
775	329
355	412
528	614
511	449
935	424
145	526
484	656
619	358
725	928
281	219
942	314
321	703
500	527
614	343
816	122
94	464
172	554
761	944
201	514
275	551
409	446
978	632
837	101
655	797
851	613
502	432
399	277
364	679
889	796
549	164
499	492
897	177
432	900
294	951
516	973
774	428
930	876
964	440
653	812
873	528
251	935
439	575
441	420
579	487
934	585
13	899
271	274
219	896
606	894
877	742
163	653
477	323
160	734
937	989
239	976
597	709
578	493
417	530
304	558
198	498
985	411
207	865
229	376
151	793
951	932
437	505
98	767
832	837
198	533
716	424
190	642
814	948