10000
1500
170	816
896	231
308	471
437	603
395	530
755	631
103	522
554	493
778	388
164	280
148	450
527	825
345	958
26	328
183	969
953	549
591	898
33	439
315	801
615	892
34	644
883	997
914	921
893	906
669	176
374	827
524	610
149	723
117	968
585	695
255	463
512	312
667	264
447	591
563	957
525	298
450	662
972	803
334	124
100	905
571	598
796	630
359	931
261	264
762	586
32	260
630	308
674	963
147	311
394	409
212	865
313	637
113	330
778	128
752	903
23	206
800	560
868	251
464	598
283	811
243	799
413	241
632	266
10	921
376	267
355	592
870	987
720	169
569	519
252	704
417	730
575	524
317	553
14	136
882	107
623	650
481	933
797	960
162	376
310	923
440	939
290	720
712	901
137	429
501	208
956	946
612	879
309	352
419	830
769	929
49	694
812	955
392	829
656	206
209	357
313	238
608	526
407	909
24	356
422	549
434	705
33	642
213	575
62	914
585	819
339	889
346	733
983	103
302	601
41	327
639	824
728	318
286	755
319	516
291	946
619	559
71	185
646	524
160	490
458	308
347	794
456	786
265	873
152	849
857	124
211	775
486	584
806	137
76	929
991	697
515	718
254	540
512	593
210	709
515	987
771	310
903	592
646	249
461	466
238	847
205	857
309	742
767	422
446	604
650	950
311	403
626	260
157	869
206	807
759	290
425	543
621	109
204	509
70	411
541	117
369	330
378	110
88	664
142	508
147	545
56	247
343	780
741	556
1	932
633	525
329	759
579	287
267	425
318	252
613	650
410	779
801	994
181	271
152	220
365	634
339	524
79	805
13	402
81	411
362	234
737	248
823	562
789	824
681	669
159	845
454	672
638	657
150	250
799	912
515	454
515	730
552	244
145	789
510	577
162	718
565	186
882	542
187	547
907	691
573	842
619	931
252	811
308	331
994	210
328	686
703	204
703	409
291	680
758	765
339	720
951	263
64	684
101	595
53	319
580	687
324	885
129	751
818	199
900	846
462	456
226	345
52	650
433	173
415	244
72	600
395	416
882	792
51	640
187	997
269	156
308	166
136	544
788	869
782	153
158	555
925	218
748	900
848	437
839	845
880	213
949	475
865	327
937	705
753	563
913	762
215	668
894	643
734	446
113	932
809	301
681	513
851	674
805	559
61	499
102	691
223	963
197	116
148	478
824	432
311	403
134	869
807	259
974	668
971	257
463	943
772	921
497	880
719	880
927	943
411	401
717	286
181	454
6	954
57	388
730	941
619	207
937	480
312	119
491	863
931	526
535	427
916	903
848	453
449	328
615	510
845	423
169	607
710	862
637	766
497	882
781	386
672	423
419	348
513	688
238	867
240	790
191	102
937	968
916	907
352	998
61	313
140	259
611	556
271	703
362	344
560	174
976	541
842	713
214	678
837	191
28	430
499	869
161	145
322	192
472	774
892	993
830	386
267	569
491	486
151	362
85	514
818	538
337	897
53	353
819	770
737	598
704	744
753	851
414	602
751	506
284	795
443	652
371	955
497	468
908	154
785	654
479	445
168	726
17	960
630	535
36	650
610	191
982	287
717	794
408	789
737	866
883	719
856	358
19	704
752	346
384	131
454	244
439	823
553	883
505	473
859	293
151	530
141	600
870	201
184	851
464	585
449	463
445	834
702	561
400	219
879	520
980	731
271	438
375	725
955	452
947	409
596	689
294	958
747	940
332	659
90	722
451	835
193	684
879	596
432	716
712	658
17	549
203	970
164	167
664	193
650	972
172	452
675	666
395	600
516	143
508	439
436	151
836	330
713	565
574	243
57	255
766	304
524	513
438	306
784	639
372	498
892	963
330	780
391	668
684	137
297	976
132	591
238	417
28	291
867	410
300	799
956	245
332	459
376	905
182	414
943	829
445	347
254	815
20	658
717	508
126	605
297	203
431	929
427	879
796	786
185	516
625	205
230	189
293	861
440	962
628	569
512	521
624	662
672	447
74	470
275	942
151	554
901	111
532	245
833	674
703	611
861	921
532	879
875	387
414	935
221	330
976	327
212	960
252	292
481	980
935	450
296	653
608	270
900	950
797	396
164	872
594	915
719	211
844	301
822	376
828	700
670	583
459	503
389	848
23	442
241	487
47	607
399	176
438	695
594	391
444	846
321	287
98	879
84	247
633	891
212	457
675	691
270	786
765	125
428	803
409	217
749	821
160	668
776	954
498	376
264	702
32	169
412	915
695	561
226	227
177	668
640	868
707	654
240	228
485	342
12	255
486	772
533	418
994	785
993	636
749	559
79	711
732	741
245	968
473	701
336	376
557	701
480	389
750	726
665	340
826	586
470	918
170	873
69	889
681	856
32	307
205	793
245	750
404	114
514	669
561	625
605	321
411	853
574	319
446	119
175	178
718	962
89	752
677	236
110	246
214	626
386	898
318	535
310	663
156	684
278	469
517	906
882	536
157	606
691	719
770	240
884	309
648	454
645	579
847	100
306	963
547	205
136	295
531	401
571	207
68	214
818	422
782	773
521	495
501	328
140	877
184	635
49	238
782	626
91	962
953	892
976	795
426	241
286	809
224	611
172	478
14	208
913	464
770	854
432	974
764	336
40	919
153	533
756	694
431	517
357	230
508	588
516	772
750	573
879	122
822	584
457	842
865	649
108	508
652	274
226	957
10	558
748	740
391	619
55	174
637	420
166	137
574	156
432	745
92	979
289	135
597	434
64	943
189	193
871	921
365	848
632	417
482	853
20	168
490	801
391	110
491	475
225	880
727	730
754	189
89	828
330	687
176	124
802	532
842	757
442	106
206	472
950	314
602	932
689	601
386	943
937	855
369	783
339	644
612	995
571	387
876	195
260	401
238	428
536	380
97	301
717	708
76	406
590	370
826	639
805	709
292	922
2	621
570	316
668	621
614	826
362	577
527	851
106	431
412	839
349	319
924	590
843	548
363	664
744	161
749	336
510	487
856	232
842	737
529	644
508	662
891	832
498	901
614	860
176	812
60	389
614	584
152	124
709	505
212	428
831	573
776	408
187	724
589	288
318	539
136	245
361	475
815	778
480	601
656	854
633	343
276	720
227	881
7	325
394	566
88	940
295	606
457	951
881	486
642	571
843	364
562	609
700	833
957	313
743	688
732	191
967	999
601	205
777	791
107	109
766	733
339	398
90	820
806	534
168	478
58	594
171	388
451	424
981	397
492	610
244	279
937	614
99	723
152	268
244	237
729	695
471	579
101	945
957	241
859	169
804	316
206	382
156	921
60	550
452	879
308	145
484	634
855	695
882	678
463	181
262	851
188	180
879	139
216	547
371	596
263	732
385	100
492	530
949	996
320	448
164	292
910	519
305	627
943	403
470	174
232	876
307	113
760	308
71	178
90	822
930	582
603	121
406	762
327	354
432	709
127	762
470	345
835	401
352	829
985	805
862	113
498	850
225	470
451	528
335	968
323	320
15	544
870	515
419	209
511	477
733	575
887	582
478	867
668	835
100	915
363	288
554	232
344	667
246	981
525	928
819	482
444	444
806	667
428	791
369	165
826	828
669	125
357	850
902	713
576	605
990	811
509	890
832	913
878	450
499	361
352	328
915	458
264	298
121	360
949	157
491	199
581	403
791	711
192	172
407	167
984	413
536	242
950	968
893	320
479	563
490	887
506	458
621	752
543	241
535	829
989	801
524	391
17	635
508	601
718	654
944	173
758	188
564	148
618	659
957	773
477	835
849	517
214	101
989	643
641	716
261	622
321	801
968	879
220	298
403	238
826	902
725	927
874	282
913	961
405	884
581	236
664	721
112	899
605	249
281	868
942	659
617	274
586	252
832	364
632	150
14	828
524	889
439	888
622	461
826	479
183	109
635	658
111	380
400	518
739	108
552	310
434	398
194	702
945	980
661	886
938	275
529	505
80	872
44	819
531	630
818	479
500	672
982	588
517	971
236	833
900	741
129	500
6	178
429	822
821	668
815	227
411	523
798	324
740	943
490	822
521	109
145	267
397	657
737	188
416	925
721	703
359	964
198	841
436	249
15	491
119	261
94	596
288	100
862	118
294	750
192	615
268	414
525	612
596	996
261	285
517	903
923	320
589	456
723	766
30	346
679	847
385	966
289	489
167	611
506	272
862	542
655	428
788	977
577	500
491	203
139	625
720	851
21	253
400	470
617	740
94	442
116	948
383	348
57	889
313	399
603	751
632	973
933	569
188	677
991	477
206	526
456	744
168	871
548	598
207	924
50	401
574	870
979	518
523	954
441	402
854	356
606	289
430	866
694	586
217	465
875	888
857	633
926	888
223	577
593	680
600	596
934	742
882	576
829	993
86	402
513	491
431	337
442	469
396	268
677	257
260	199
410	723
51	293
962	446
676	921
228	404
263	903
400	526
77	760
740	905
489	145
11	254
930	763
804	833
399	700
990	537
176	791
708	868
45	934
387	446
479	780
771	617
874	665
909	386
300	496
234	786
815	280
658	293
811	440
131	414
407	390
21	836
64	633
141	777
879	313
373	841
423	753
335	491
656	275
262	762
929	481
216	354
280	810
30	760
531	544
430	236
150	461
341	844
196	106
703	496
688	352
558	701
678	220
28	909
299	459
395	658
329	751
660	604
994	404
633	458
305	477
82	806
190	132
998	200
130	188
108	415
806	797
118	581
529	264
625	151
332	630
255	812
850	996
612	829
312	693
684	204
667	533
627	855
222	824
826	766
177	654
240	696
146	614
611	189
431	366
400	715
716	161
418	329
429	524
689	836
27	981
518	509
244	738
479	722
666	901
821	416
982	429
145	329
231	213
676	583
845	911
151	726
352	414
853	253
132	261
845	841
4	958
977	578
667	178
856	821
608	974
5	416
548	961
495	877
624	566
808	327
701	586
801	911
68	777
610	469
130	497
747	629
985	255
220	847
21	896
56	507
280	443
872	780
916	310
575	740
841	414
812	106
376	377
979	376
552	868
168	428
252	203
459	631
177	705
840	407
177	263
206	233
252	544
891	368
257	118
303	470
660	904
150	974
854	762
347	160
893	287
454	349
700	467
37	260
456	818
553	605
751	661
705	603
809	677
686	294
485	900
950	293
86	946
124	461
293	821
471	973
308	908
523	846
503	192
807	838
554	801
534	936
707	325
734	775
816	815
614	861
602	742
454	742
174	996
480	210
775	943
489	894
699	419
988	153
667	467
307	313
561	960
563	953
248	658
173	325
574	837
996	982
980	965
465	765
169	878
50	507
323	877
615	415
867	448
141	210
993	630
488	755
55	110
394	879
331	298
740	807
98	494
325	959
107	304
579	394
539	660
207	189
482	308
878	925
460	568
393	363
291	843
773	410
163	987
191	835
734	209
12	163
302	487
457	708
273	235
813	242
882	393
87	868
831	654
533	751
514	494
743	220
323	269
350	914
516	361
554	863
31	464
762	479
514	415
714	696
466	277
630	396
865	347
683	605
396	797
878	166
76	994
45	477
143	880
793	350
922	233
659	649
229	609
47	629
245	369
421	566
998	769
417	546
178	511
926	265
982	708
404	121
845	663
418	257
962	638
616	533
385	283
580	140
807	856
559	355
315	348
746	911
142	932
315	759
563	196
393	228
626	512
656	267
665	923
536	491
167	393
119	722
372	131
846	810
163	763
971	338
423	119
711	685
96	635
442	521
408	230
844	633
567	958
595	925
864	223
350	625
373	296
659	475
842	779
727	587
17	230
376	613
596	200
357	679
423	800
160	150
199	317
77	390
6	140
95	957
295	834
29	153
779	499
97	571
721	828
195	874
678	475
730	451
496	641
691	503
970	823
897	776
177	761
250	553
344	331
393	334
38	641
349	626
1000	991
880	598
304	134
827	929
238	413
831	601
77	471
657	358
166	550
607	416
92	591
134	884
132	725
912	634
885	194
379	340
908	686
434	689
515	854
377	328
356	923
151	664
708	856
919	725
931	445
594	615
186	624
185	662
739	406
403	143
642	885
341	626
947	342
611	671
945	782
807	896
764	714
921	373
960	755
497	900
673	971
241	694
800	755
84	190
787	664
24	499
431	844
43	416
255	187
932	900
773	307
441	318
556	379
418	512
692	812
857	247
712	899
302	742
15	198
663	270
698	260
135	714
702	831
243	703
572	893
28	851
316	547
539	294
433	965
296	801
824	307
103	270
525	707
351	315
227	304
305	471
95	211
704	492
932	928
307	139
304	777
837	565
874	734
628	621
301	495
807	237
111	718
721	903
200	772
517	803
795	270
977	842
550	715
47	995
824	379
400	331
692	509
272	405
384	675
218	165
798	1000
185	251
344	375
445	532
301	290
804	556
686	761
460	344
870	577
398	458
699	839
812	907
292	852
125	685
68	227
426	661
769	112
235	281
510	633
604	972
498	473
633	569
751	224
888	597
238	914
345	808
885	577
324	370
466	254
48	987
935	769
828	106
716	593
657	945
917	908
360	150
487	826
761	611
783	847
400	842
606	527
345	922
587	121
831	678
323	900
392	377
492	181
873	916
136	970
994	636
943	117
498	778
544	398
947	894
43	394
466	844
702	222
634	416
373	512
882	179
849	725
482	928
135	977
703	322
374	330
56	273
768	797
970	917
827	251
628	595
879	806
319	493
647	769
432	425
168	724
825	152
202	710
671	370
752	331
392	534
651	270
501	651
875	134
939	266
579	845
154	979
504	485
126	387
849	939
982	998
521	649
524	168
910	129
51	561
182	825
762	443
381	803
565	723
104	538
248	222
501	375
331	595
821	758
706	512
499	216
551	604
665	740
225	721
148	796
23	398
705	905
253	526
76	487
616	559
877	122
80	792
514	753
449	156
610	162
949	278
729	951
259	393
36	868
433	345
167	854
244	980
434	922
682	692
44	204
631	338
499	491
26	406
71	312
23	531
243	246
715	522
909	827
401	131
949	678
280	928
746	893
675	883
646	275
199	148
404	874
447	226
284	994
111	332
818	371
415	689
975	206
941	699
505	201
564	382
370	740
66	673
450	248
56	840
7	693
652	805
387	234
910	876
863	356
493	208
431	721
775	979
348	639
917	301
256	439
415	327
18	380
845	341
94	376
493	512
375	106
66	893
822	788
273	259
907	297
429	115
403	702
987	583
206	876
626	787
915	715
26	219
458	817
674	802
18	677
670	927
400	801
326	684
393	205
155	518
242	148
382	805
787	522
280	921
978	476
459	475
552	381
698	926
281	950
471	113
12	659
410	334
725	598
700	857
570	196
212	763
371	334
322	876
309	650
729	810
725	169
177	663
802	252
648	521
310	216
10	607
981	925
990	916
629	743
283	152
923	367
443	834
512	770
637	903
640	199
449	457
460	941
585	462
496	867
588	129
203	241
471	162
154	388
188	724
780	149
129	338
126	156
392	594
49	391
44	185
485	548
511	267
229	900
604	197
533	461
114	850
678	106
345	262
255	272
285	771
818	919
976	244
870	781
900	691
424	757
581	534
73	181
881	364
718	289
686	956
251	338
659	247
656	473
132	370
844	472
829	397
645	151
116	665
872	325
895	796
564	762
561	676
761	588
858	591
958	550
168	285
31	546
188	201
143	189
329	875
112	188
622	957
59	246
569	561
651	720
365	489
160	794
544	346
530	960
52	766
421	420
566	893
377	352
89	965
373	399
990	760
327	849
597	997
474	245
737	231
403	629
963	728
430	608
522	498
491	109
185	267
395	455
334	879
217	862
421	942
132	416
655	916
158	605
371	855
416	843
607	219
397	1000
974	370
618	752
816	229
735	265
153	645
196	998
675	364
493	591
922	475
939	142
203	883
180	263
589	191
533	438
422	427
751	142
755	306
539	935
17	435
36	142
90	111
999	369
669	241
303	755
398	618
672	723
248	980
138	987
217	879
670	567
609	567
216	306
56	290
29	430
4	671
43	927
298	135
479	304
303	862
681	924
106	466
808	428
577	310
432	332
236	453
536	527
813	556
755	612
526	585
990	557
986	934
150	820
538	213
485	573
456	968
561	577
539	621
683	113
960	106
86	715
929	264
179	446
62	168
8	393
851	210
130	108
373	584
59	757
321	984
431	170
707	371
759	844
723	302
944	955
441	833
625	237
636	716
760	825
92	535
220	567
265	473
991	541
993	201
98	466
904	575
321	455
1	813
416	436
388	496
55	900
337	226
162	891
53	311
963	753
620	452
224	815
433	840
233	377
968	842
139	385
115	653
150	785
846	224
10	349
902	533
469	616
442	833
733	138
119	495
285	838
268	664
159	409
128	235
92	312
771	993
616	224
647	556
279	557
184	781
144	756
205	671
268	398
278	585
313	589
960	804
593	666
561	446
772	436
552	174
157	314
40	901
280	919
986	311
645	618
44	317
222	180
553	384
636	135
128	235
877	287
561	897
197	600
460	707
392	264
86	710
492	760
826	782
562	417
676	509
214	785
256	836
403	574
916	847
182	425
312	302
63	309
862	294
304	408
356	963
100	222
629	836
632	822
780	269
885	687
708	640
149	921
910	840
5	936
597	596
153	892
327	406
400	413
234	750
190	420
829	179
24	874
440	332
421	500
846	717
438	163
597	328
375	895
677	973
266	459
747	734
955	799
732	987
342	688
273	502
672	114
563	246
860	247
68	771
99	686
107	208
154	699
720	229
712	807
461	519
86	703
895	494
898	505
309	156
985	517
770	485
188	255
101	897
514	901
750	784
31	448
40	863
202	469
773	975
365	852
428	315
135	460
984	402
2	356
678	720
871	537
993	950
31	177
603	696
477	991
650	284
73	289
990	454
224	791
221	857
617	518
908	224
535	931
462	594
729	146
778	964
394	133
842	699
174	187
988	531
151	435
856	844
582	552
772	103
729	693
826	744
158	372
664	185
790	935
950	185
654	149
974	315
972	125
287	456
854	610
52	317
837	712
939	826
83	673
651	349
840	457
152	335
116	404
324	746
718	683
993	133
315	211
753	105
421	197
185	395
809	876
933	704
282	582
930	791
280	590
544	674
792	573
406	109
903	709
988	266
429	757
339	380
805	401
933	124
792	691
206	367
208	241
358	768
152	289
664	425
683	376
185	758
896	244
116	998
714	510
123	671
238	799
240	206
817	480
669	108
877	745
138	347
575	578
603	189
629	966
618	945
218	114
447	715
514	776
743	609
681	200
508	130
292	555
353	901
659	938
570	941
201	396
769	253
227	838
401	409
156	142
521	137
265	958
762	452
566	574
610	642
925	882
894	474
964	504
11	529
562	516
809	713
534	471
928	661
929	147
838	577
320	950
244	275
611	412
404	394
510	326
387	580
469	763
743	696
222	964
759	493
476	251
650	377
317	958
666	272
681	657
470	536
260	565
547	299
559	340
697	657
593	191
786	697
228	131
576	151
182	311
217	653
408	438
606	138
750	910
361	849
1	893
19	673
288	425
949	751
237	749
130	714
894	199
10	733
953	491
354	432
751	437
886	216
503	156
841	388
968	323
489	741
346	400
262	161
860	862
482	818
900	142
544	361
894	518
155	819
176	814
865	853
335	306
940	349
122	407
985	875
660	136
142	259
206	369
656	250
285	232
642	912
995	607
541	249
247	520
197	478
287	595
636	353
656	789
786	339
871	520
862	962
312	117
283	166
413	734
969	986
639	709
575	843
459	810
90	316
706	562
763	276
377	501
709	624
568	202
680	564
811	491
80	778
911	153
444	844
826	283
156	950
510	628
112	517
441	468
492	365
188	479
77	389
65	953
224	501
208	256
865	860
499	332
837	673
86	586
444	633
382	945
227	782
707	235
674	110
507	865
483	643
22	667
953	457
890	414
739	141
114	205
111	790
578	667
409	358
28	641
110	836
138	670
621	529
269	972
507	261
541	874
542	290
912	147
535	268
478	136
992	716
362	213
344	711
547	599
55	175
547	788
468	636
275	204
692	812
66	666
618	935
538	810
500	783
819	901
626	972
455	714
503	133
188	655
886	376
907	966
343	164
615	621
161	479
311	490
36	954
207	181
20	467
801	953
706	514
772	408
482	656
586	318
350	919
120	755
3	542
833	798
634	967
486	184
403	797
525	636
268	160
414	132
290	300
862	442
859	599
449	928
709	773
879	977
765	388
239	858
434	860
468	813
125	897
935	726
569	435
300	204
721	582
394	347
443	877
722	505
894	617
667	981
72	442
665	231
620	569
943	549
107	959
117	120
284	711
14	851
838	594
182	629
114	302
416	301
875	447
75	641
475	552
660	443
66	516
888	862
609	135
717	441
359	946
223	355
919	293
567	373
670	184
43	644
20	598
475	221
195	310
272	630
317	792
599	434
359	360
658	372
133	431
714	864
88	740
764	358
297	537
423	592
306	554
632	583
73	781
932	132
323	917
777	229
578	512
931	559
872	340
869	976
278	746
926	554
541	332
82	525
250	423
205	833
374	829
133	407
659	253
307	960
202	901
752	614
828	750
860	457
401	452
755	517
335	592
973	605
373	771
75	117
383	645
461	686
30	171
422	289
669	902
403	677
169	876
866	379
826	954
269	485
789	880
559	744
15	796
824	253
830	805
890	424
356	497
384	503
142	138
827	128
584	301
455	119
38	295
949	659
821	370
696	723
126	648
651	385
50	263
718	265
68	687
978	143
776	213
327	248
349	724
88	146
813	736
156	108
385	319
799	866
410	183
485	285
373	176
391	300
569	130
953	952
783	849
397	445
594	146
609	369
86	783
753	712
799	827
606	494
217	958
268	755
820	357
476	958
463	706
367	621
73	911
144	995
956	458
661	497
269	392
43	498
365	623
306	111
301	559
931	248
379	326
102	833
764	296
992	670
509	113
544	903
432	439
822	188
246	239
56	762
266	975
330	925
925	749
796	796
545	433
747	387
814	332
757	322
117	835
539	475
215	876
43	186
129	684
324	557
867	666
614	153
874	714
119	175
7	470
875	792
479	644
617	648
119	926
788	710
227	293
180	128
737	293
443	142
131	896
961	379
107	675
316	815
749	956
982	684
573	136
524	331
453	143
929	109
289	161
587	428
367	486
359	741
17	752
702	346
514	784
807	634
25	984
976	878
635	626
26	244
703	126
720	179
227	150
130	691
730	815
462	655
207	486
737	297
477	329
91	548
505	461
671	264
362	239
650	458
108	304
979	919
259	577
823	700
329	469
773	454
70	760
401	368
702	858
302	470
541	359
32	900
670	687
622	342
274	579
346	133
517	373
899	875
274	189
114	209
17	994
512	997
776	294
316	414
539	903
605	255
704	471
828	291
755	767
868	365
80	411
520	560
33	368
449	335
698	421
249	676
108	268
143	694
69	853
70	875
911	348
338	874
857	608
975	292
379	296
471	511
487	609
390	134
793	349
618	860
253	566
404	188
39	418
908	719
48	815
976	812
286	294
586	663
42	404
570	533
565	813
842	726
633	770
137	662
378	320
167	660
56	379
889	922
764	988
544	814
461	115
203	448
463	998
983	610
386	773
94	486
990	892
535	954
89	890
69	713
646	689
38	747
399	956
837	504
590	512
78	126
282	315
368	564
512	408
118	825
470	804
530	901
131	275
274	619
778	716
847	831
125	228
767	888
234	640
112	447
802	580
574	819
448	968
371	110
373	804
64	732
887	992
561	951
45	786
626	832
406	744
271	168
350	406
177	486
600	957
515	118
769	286
680	560
289	568
57	848
378	600
935	197
134	926
422	424
97	510
322	107
695	198
109	108
758	899
486	100
970	657
4	513
58	294
752	149
174	938
239	691
529	251
47	404
794	289
571	341
888	964
655	341
154	334
99	757
230	794
962	264
888	793
344	427
542	687
984	487
778	489
640	181
712	361
678	376
906	548
90	970
787	706
596	861
917	275
774	942
125	394
103	627
877	951
829	514
480	781
137	389
54	615
333	369
624	673
593	356
294	437
182	817
745	598
195	641
41	504
576	557
297	273
249	353
616	955
816	290
419	516
642	494
778	412
962	459
891	427
520	560
323	248
317	896
807	773
892	780
146	881
823	157
446	187
733	166
568	297
788	631
431	358
789	211
581	618
62	353
908	222
367	811
53	943
495	734
345	249
270	974
84	131
280	696
178	322
818	819
804	368
207	825
415	499
83	598
613	836
939	341
899	780
614	710
356	224
276	470
884	716
143	751
831	427
764	831
682	759
865	926
835	890
572	328
540	129
776	765
874	103
686	880
102	301
14	502
249	591
310	792
634	131
126	371
215	680
845	607
25	586
583	162
867	751
812	704
558	327
225	908
220	974
462	276
635	396
923	261
76	277
537	111
834	256
566	758
48	191
730	301
518	680
538	711
801	507
324	410
359	197
657	442
364	829
682	512
442	782
94	342
27	664
593	109
263	356
759	336
754	747
905	661
904	993
859	437
183	906
34	914
791	605
983	874
34	480
153	634
741	259
757	886
45	506
908	104
816	949
95	335
638	443
783	316
713	243
267	583
874	525
225	555
152	315
18	644
428	316
560	654
210	148
834	363
453	765
64	143
97	592
486	107
910	631
246	301
111	279
51	236
969	332
1	849
59	720
457	910
159	643
179	155
178	289
968	227
876	637
399	727
122	463
360	598
687	393
429	335
965	789
416	974
639	370
664	656
877	739
66	676
330	390
86	253
146	691
666	400
590	364
990	888
879	575
29	714
103	800
900	248
197	918
822	942
734	356
614	218
297	788
55	899
596	363
508	424
699	150
692	631
464	128
326	971
870	110
99	298
253	514
617	656
320	726
330	892
10	597
98	485
895	378
585	720
814	251
849	273
30	478
598	447
784	986
243	720
382	724
707	858
197	964
248	650
883	302
861	290
390	524
21	121
68	334
648	232
114	233
757	494
17	712
400	503
762	629
695	966
710	103
72	929
27	619
372	845
331	945
67	510
78	176
832	382
539	258
533	171
139	653
573	206
658	201
709	269
850	278
16	608
872	205
277	876
7	300
146	632
770	428
356	639
375	266
757	351
683	360
489	486
755	342
924	834
733	556
101	149
717	230
797	276
257	276
341	706
538	336
805	487
384	525
388	384
12	263
396	946
250	220
856	349
155	810
873	306
745	482
506	504
245	201
990	972
497	132
586	532
135	832
457	849
504	499
89	706
427	154
303	852
176	706
793	371
600	176
15	979
988	412
349	167
76	278
465	603
594	245
41	585
765	440
677	391
35	353
827	669
286	403
834	229
812	853
890	237
305	813
708	430
39	782
787	240
170	935
217	420
300	211
644	352
204	643
710	887
330	716
397	596
159	784
406	382
887	443
707	558
766	764
222	342
848	616
406	526
955	994
943	288
263	449
177	104
560	466
763	433
553	239
606	394
257	875
181	247
647	117
657	493
18	708
246	654
72	311
633	605
523	471
69	505
397	650
534	328
428	250
256	339
780	558
202	752
156	702
272	373
271	495
213	144
477	377
193	592
44	443
81	156
464	156
181	749
275	119
793	257
495	998
492	807
430	944
18	464
612	703
859	493
652	263
319	846
940	874
761	780
61	569
94	105
515	726
973	878
614	347
49	341
461	231
354	486
500	808
762	964
58	685
66	480
750	896
213	316
393	427
949	986
407	246
575	545
929	301
991	416
494	261
928	449
951	178
73	719
288	892
234	170
883	544
213	482
992	728
919	697
40	112
187	210
23	411
247	297
63	501
298	454
965	321
636	520
244	575
115	764
423	168
14	218
788	418
797	861
533	922
972	815
919	353
428	694
497	841
592	537
984	886
931	174
892	850
464	151
911	496
210	434
504	683
983	812
803	487
797	782
373	474
337	246
503	576
937	654
757	674
443	808
435	337
292	842
862	803
916	485
284	883
235	829
768	984
314	589
344	998
656	547
724	228
666	108
420	446
435	775
558	872
36	213
970	650
158	464
949	301
840	257
899	447
469	676
636	500
117	696
300	133
966	288
952	489
979	955
778	127
771	529
191	540
68	815
811	199
6	994
184	909
441	917
452	513
28	615
932	595
666	247
791	877
818	360
564	737
488	966
87	516
15	432
372	221
194	161
243	565
36	170
95	496
227	294
433	665
538	385
392	610
152	936
275	946
608	921
416	225
153	504
547	794
666	249
105	516
856	711
657	505
264	841
917	156
668	168
209	180
483	406
347	929
463	881
341	421
97	949
961	368
78	590
16	572
646	291
896	249
550	483
517	977
157	635
441	673
943	767
770	544
343	148
492	725
801	284
113	121
56	610
29	454
47	508
482	789
418	502
967	164
11	980
927	470
329	298
488	721
778	171
869	897
345	577
168	489
996	669
774	470
430	184
422	724
658	850
43	219
390	256
84	776
83	346
250	834
675	750
244	589
129	807
870	829
897	856
600	120
447	203
340	917
324	205
999	921
255	624
138	663
409	430
557	404
800	985
1	960
606	340
291	152
778	849
541	971
489	710
204	277
188	979
25	582
954	747
381	494
240	245
989	678
864	883
603	605
961	692
530	178
921	516
103	672
422	183
405	320
371	121
676	756
969	274
554	924
751	230
52	477
284	473
879	732
302	623
165	133
530	480
675	429
57	513
362	715
53	438
705	665
512	272
176	651
599	105
684	868
648	864
423	491
463	478
270	677
4	460
230	719
303	360
218	774
516	433
736	110
291	605
530	159
446	919
379	263
699	867
875	497
1000	257
864	330
551	869
9	981
97	895
687	941
23	981
152	253
572	513
136	761
58	197
89	967
871	155
979	842
21	281
405	282
788	119
102	988
377	801
183	810
500	566
126	102
756	200
574	263
690	453
373	356
984	789
385	605
892	868
788	450
787	798
54	750
196	836
928	842
399	101
515	534
228	571
296	205
368	730
506	220
863	151
474	869
440	106
664	104
397	890
554	895
676	685
289	150
756	512
788	338
468	633
504	852
232	190
161	971
491	990
340	826
243	864
970	890
935	908
961	207
689	299
72	270
49	477
871	509
683	595
585	908
302	235
278	667
832	802
970	953
666	745
265	227
450	416
891	669
989	607
928	298
541	224
934	409
740	980
950	696
783	443
505	486
928	180
532	424
736	726
475	762
872	131
906	548
612	141
131	404
824	815
675	809
105	446
363	781
261	378
789	609
841	869
872	400
791	376
369	718
668	547
782	213
348	576
338	213
448	954
652	118
40	953
28	269
234	679
996	808
1	734
265	169
906	352
167	935
407	626
630	660
783	964
352	609
212	951
821	345
352	138
918	580
453	368
965	483
260	880
817	977
952	101
790	213
35	196
500	133
190	924
518	493
724	930
256	257
285	941
364	183
118	887
851	669
815	372
653	831
211	520
65	153
804	961
307	472
647	255
481	243
88	178
615	449
513	308
783	153
985	252
90	248
279	447
657	163
198	250
787	253
71	268
443	644
639	286
969	509
68	912
69	853
215	698
866	848
84	182
396	605
953	293
865	853
839	153
795	248
995	968
547	905
97	462
549	977
897	244
8	260
600	786
307	217
365	491
579	689
794	715
353	803
915	192
59	895
245	396
828	759
429	571
41	578
337	294
3	948
807	524
29	308
22	633
176	710
254	165
14	744
90	543
194	873
874	510
897	210
443	567
540	909
893	806
857	358
897	161
709	884
326	220
710	563
647	883
850	849
179	245
129	582
651	930
661	974
532	481
805	603
651	259
279	948
602	878
732	991
542	148
291	942
995	223
372	940
7	261
568	310
274	838
640	428
88	100
231	691
625	573
942	412
518	904
759	561
197	214
312	872
139	773
127	423
164	790
902	837
744	687
931	643
735	894
999	258
257	430
809	900
177	985
185	173
227	186
178	558
940	848
325	202
945	873
936	964
389	541
968	438
632	138
227	885
671	551
741	646
754	480
966	773
623	562
944	566
847	878
265	513
664	454
848	714
364	110
53	365
260	994
345	393
502	858
685	549
803	132
622	893
413	826
488	970
807	967
511	834
268	161
450	662
279	364
469	553
291	245
547	646
300	623
53	514
22	320
240	630
53	210
504	208
58	189
572	366
303	214
321	560
686	470
209	315
397	701
190	843
840	285
244	224
127	473
954	132
137	378
658	470
471	720
206	379
656	442
257	367
463	204
267	897
520	218
103	792
648	121
294	146
237	697
285	844
976	852
361	384
554	353
619	771
489	611
256	618
798	384
414	464
829	436
353	217
811	971
54	191
381	978
787	962
720	450
280	255
728	491
491	598
939	201
260	248
512	430
750	814
953	811
332	395
687	908
725	532
851	893
815	219
927	737
562	360
257	106
710	316
676	874
882	550
248	126
134	940
547	744
161	433
107	385
214	647
325	317
283	748
746	593
790	139
907	605
316	712
84	511
406	315
667	378
58	543
922	232
996	502
434	253
921	970
663	449
152	544
212	361
698	429
257	290
772	708
619	205
207	801
346	976
881	300
991	422
435	640
823	102
645	190
106	121
54	971
344	742
313	472
459	998
395	460
794	480
339	700
914	354
674	595
213	652
744	930
180	385
286	903
787	120
407	783
134	954
391	688
342	143
75	853
943	411
985	588
704	777
490	398
448	549
923	535
764	922
372	650
485	959
869	911
701	613
322	989
312	828
837	226
671	853
805	610
992	599
485	562
981	581
927	301
285	750
613	906
813	182
146	495
633	691
659	742
694	214
728	639
43	740
397	313
729	655
511	254
724	404
619	175
656	681
666	809
937	558
857	847
977	753
414	929
297	931
873	158
709	290
443	263
168	629
211	204
638	974
866	524
38	418
948	985
723	485
403	704
487	866
12	231
507	551
936	306
907	988
712	629
816	821
735	196
703	990
281	232
467	207
741	488
466	450
223	283
839	874
675	318
689	427
905	360
413	696
82	678
488	970
741	581
407	101
392	306
357	596
553	101
462	594
723	797
224	897
334	634
984	226
271	309
24	141
642	300
471	752
922	238
637	737
860	257
554	732
998	386
165	884
29	152
24	665
994	567
114	553
89	442
662	759
538	643
725	574
217	682
234	241
110	677
315	680
239	444
874	174
398	566
130	797
45	522
689	691
543	587
783	188
611	227
114	624
667	809
593	230
782	403
232	418
519	854
797	985
895	608
470	691
355	903
412	997
75	522
133	471
813	569
110	458
777	458
903	655
643	251
36	682
312	585
92	476
516	864
857	486
450	598
81	504
880	229
70	681
816	156
869	449
862	110
599	999
702	157
170	674
131	958
854	588
954	917
605	837
594	524
584	771
114	345
461	126
801	739
583	581
860	210
826	959
913	185
899	780
647	248
314	378
203	696
983	318
81	667
620	975
106	156
379	940
770	528
156	876
339	560
34	243
712	923
797	829
593	438
764	954
410	102
640	290
320	487
206	469
60	628
300	450
973	713
737	757
930	223
691	212
230	535
943	479
718	746
205	521
936	613
395	718
679	906
128	645
23	164
760	682
479	350
675	596
654	301
708	849
229	833
290	287
607	165
250	945
48	695
596	133
286	230
815	938
632	118
703	474
961	862
760	135
465	155
665	488
314	810
858	133
142	499
76	770
614	621
688	188
868	274
112	333
266	635
806	344
897	469
841	950
125	495
256	805
237	318
910	276
495	518
2	936
507	194
552	359
837	789
121	227
321	445
96	186
414	216
417	947
429	874
927	181
557	386
21	387
827	304
109	236
126	602
980	689
783	487
517	773
627	884
842	783
476	582
810	394
96	946
642	111
816	948
768	203
227	888
625	624
126	149
646	199
366	832
981	504
605	429
144	957
363	340
301	723
735	883
782	468
682	345
414	381
753	810
909	340
710	569
86	624
936	241
352	640
680	432
370	618
149	689
834	111
857	682
11	214
994	755
159	605
787	486
867	111
965	868
846	622
950	683
32	718
806	565
835	263
975	955
168	367
478	995
177	662
568	155
987	583
814	863
573	206
358	865
421	215
887	388
68	385
333	517
607	893
83	262
13	941
867	147
903	912
297	864
520	461
999	220
880	487
417	360
187	657
884	455
96	574
894	209
186	952
210	333
606	935
15	574
599	486
625	527
387	266
998	806
25	302
246	745
187	336
238	843
530	931
907	998
788	671
685	975
547	232
671	207
435	396
115	353
939	718
884	435
12	232
280	472
922	448
699	673
671	690
8	488
551	154
662	1000
917	324
271	475
645	318
349	270
209	820
55	499
994	657
66	122
813	523
519	150
749	696
643	409
913	826
464	634
460	804
669	155
632	133
19	831
618	196
50	853
367	558
941	110
473	954
418	874
207	657
168	571
183	156
404	880
926	996
671	498
492	713
645	969
579	593
344	430
821	819
593	804
664	207
750	296
179	485
963	408
549	191
836	338
815	744
686	219
139	430
946	811
457	435
604	130
441	840
754	398
559	487
317	499
495	602
416	706
680	704
453	867
403	949
861	168
458	965
200	840
5	264
704	925
867	388
505	174
518	345
170	261
416	179
2	773
858	594
253	944
365	936
864	849
834	568
841	941
896	410
48	250
815	586
925	912
832	134
318	379
382	430
900	436
705	230
944	706
38	819
99	547
212	771
202	392
656	211
986	469
924	632
16	201
825	227
322	914
334	449
903	610
136	111
364	432
810	930
776	355
82	374
14	888
514	475
48	983
44	518
986	549
372	987
748	494
40	960
434	226
970	448
335	859
182	315
93	719
705	580
538	511
89	925
389	665
451	422
643	862
613	821
617	960
396	594
333	414
441	344
85	941
954	742
683	411
765	819
153	226
217	866
452	520
991	748
136	810
680	425
352	339
969	511
618	674
16	477
76	413
10	713
800	400
311	873
193	321
934	836
741	679
204	746
30	878
883	965
774	527
318	620
843	402
43	677
866	254
661	379
90	799
430	261
940	181
985	150
548	552
671	895
717	597
558	166
750	929
927	228
763	271
976	463
491	187
951	439
548	952
788	844
203	225
541	335
169	994
220	964
748	613
302	660
831	562
940	447
873	605
690	572
963	372
850	990
244	417
171	354
534	315
302	355
243	175
542	618
49	932
364	983
519	109
33	383
798	468
697	161
333	621
237	862
486	193
666	600
940	361
65	779
945	766
460	629
534	971
476	517
648	455
774	824
434	143
437	110
172	577
967	876
18	391
160	588
871	449
484	392
553	828
621	368
869	507
940	870
27	789
569	337
967	926
123	290
462	920
171	110
272	683
318	733
358	259
329	709
550	360
438	378
794	895
282	768
894	585
130	883
183	411
125	777
405	828
589	435
136	718
242	509
501	819
358	839
569	865
676	259
25	480
919	557
667	174
754	659
722	219
931	188
633	720
953	649
953	451
12	189
546	835
115	758
301	799
849	271
208	918
500	363
129	940
435	915
140	165
603	383
988	530
726	465
42	399
639	975
585	682
923	596
514	124
728	397
104	892
985	988
483	770
879	714
594	187
488	426
669	977
479	953
751	556
703	791
205	943
486	608
839	941
442	732
947	964
868	297
502	721
689	836
778	818
963	288
431	448
995	862
868	1000
465	920
165	624
889	793
393	308
835	792
410	979
652	153
637	709
224	384
201	114
957	731
951	587
481	504
337	553
696	872
143	331
394	633
95	600
110	827
414	394
837	537
10	702
127	904
845	757
964	788
969	540
783	500
349	545
190	155
216	141
111	655
257	954
446	517
479	739
994	656
445	310
641	724
451	260
449	348
99	722
329	140
276	207
860	219
715	781
219	973
733	515
441	644
831	817
835	293
538	281
582	789
54	465
752	975
96	222
500	148
682	971
417	411
856	228
350	984
506	980
845	836
606	236
225	181
554	241
212	671
605	561
237	400
764	884
674	880
593	799
847	844
510	375
803	728
633	909
491	909
548	206
137	950
802	995
195	595
805	967
286	201
565	292
107	396
70	986
688	217
839	998
571	884
862	513
447	919
750	317
235	197
740	906
299	832
291	729
294	311
101	926
834	313
690	724
461	106
747	301
433	332
293	613
508	314
898	659
607	934
967	528
951	421
355	875
12	161
592	920
316	553
936	885
848	895
583	347
986	561
171	367
35	236
4	530
54	868
886	711
529	612
352	223
326	287
645	329
679	736
573	651
859	759
539	471
874	985
411	198
671	520
525	376
360	342
614	886
94	591
572	216
105	324
465	997
656	746
507	724
364	863
824	781
294	375
955	234
984	193
86	740
714	978
472	581
426	646
155	454
1	901
881	690
456	532
601	915
759	259
225	788
542	290
55	757
339	517
910	874
342	377
15	876
342	533
872	778
430	392
371	575
807	685
63	896
727	830
478	436
127	532
905	624
943	358
958	275
300	801
356	418
43	344
827	113
437	401
108	814
694	645
181	190
203	179
860	841
920	544
576	457
726	962
974	107
62	640
415	106
883	422
761	877
324	534
692	631
990	775
789	834
531	683
600	288
217	596
841	354
994	850
880	603
887	901
971	554
570	706
761	738
160	501
924	641
200	609
913	818
823	161
729	816
151	795
22	686
170	885
726	883
594	224
650	565
301	559
855	711
688	810
382	385
777	280
253	290
703	417
953	129
691	293
353	337
646	822
286	984
845	948
565	225
541	401
471	144
567	159
261	916
53	511
456	879
74	541
628	182
509	107
640	222
318	283
921	557
117	505
716	556
469	823
685	923
47	955
143	803
344	550
947	362
393	381
167	396
610	779
29	758
458	459
722	392
21	618
114	488
310	198
276	763
472	549
185	399
448	927
738	455
612	766
214	183
152	173
79	329
454	179
768	594
638	532
347	228
675	405
286	832
567	732
169	155
85	910
946	479
971	494
480	837
508	677
144	984
457	614
249	443
527	214
116	772
145	975
147	720
126	241
671	878
244	825
451	891
479	542
564	259
139	392
23	599
472	204
506	128
40	216
471	634
410	558
574	402
229	977
569	336
699	318
376	805
140	632
367	306
995	801
249	461
310	275
428	941
667	974
499	933
717	806
914	236
534	991
641	708
861	286
159	918
404	552
44	897
781	782
298	438
421	203
506	352
551	540
362	114
850	571
177	481
261	959
560	265
174	422
217	926
465	746
387	409
306	150
57	274
144	511
181	837
418	119
443	696
621	831
645	942
896	684
124	724
306	929
263	548
962	592
914	452
480	715
388	892
51	330
495	589
258	624
838	372
272	713
635	327
717	790
985	926
652	931
612	732
100	758
232	293
910	255
737	109
370	680
150	539
340	294
474	589
611	462
386	856
859	488
880	623
640	196
320	436
299	363
752	244
553	523
435	778
390	734
178	536
816	316
387	928
890	156
505	802
695	548
520	663
119	126
847	376
516	801
927	308
767	611
28	899
992	422
250	811
43	871
63	864
668	408
859	653
729	662
600	666
437	387
11	915
360	995
818	109
350	918
346	196
628	887
707	918
704	273
71	834
276	589
421	849
871	387
395	924
809	819
981	157
587	343
338	312
948	324
303	790
319	745
184	346
205	689
827	347
275	339
913	201
406	257
863	300
872	582
560	762
756	963
321	578
178	259
997	198
452	105
718	253
717	158
642	900
667	182
375	117
686	231
61	781
589	806
736	754
659	603
484	970
738	356
202	544
55	465
472	665
772	323
426	849
843	499
759	157
624	862
955	283
352	260
228	271
554	715
593	491
858	821
634	796
811	587
746	816
42	494
199	145
556	910
124	934
206	735
966	340
642	537
343	831
403	706
967	708
581	502
237	467
578	600
219	618
356	141
491	553
323	168
770	862
470	734
879	744
715	656
62	650
730	717
155	148
678	977
779	418
816	663
532	491
767	984
494	860
209	737
638	204
669	199
124	977
878	516
795	190
240	225
872	324
166	109
359	113
587	889
2	466
83	880
782	528
693	101
599	754
242	218
723	805
637	480
539	725
628	940
602	970
6	992
482	395
248	869
488	466
543	144
356	674
334	384
660	564
154	760
331	572
973	369
834	588
305	789
702	938
438	912
59	156
104	855
241	206
856	714
718	521
16	685
173	600
253	791
546	957
218	503
991	951
604	944
334	965
71	174
101	726
122	235
482	906
844	459
388	596
73	207
859	451
938	423
46	807
185	469
435	773
440	217
219	445
483	186
104	304
86	439
370	256
358	599
460	560
543	926
144	491
952	429
661	928
891	437
538	354
511	161
362	341
669	353
878	348
829	411
877	584
480	882
606	660
534	830
616	431
152	450
483	116
933	445
437	742
853	870
773	988
460	908
64	906
378	955
185	773
27	225
292	145
77	481
505	466
941	510
401	870
61	856
173	412
920	432
933	229
941	693
817	883
309	622
964	995
463	312
339	946
138	528
664	861
235	957
197	553
453	456
590	755
675	957
205	710
499	357
137	167
593	360
934	836
300	263
836	841
173	409
39	387
117	755
191	848
456	399
740	858
801	355
689	937
918	418
524	248
272	556
15	743
880	933
958	492
795	172
499	114
575	758
109	530
472	545
544	970
100	187
576	109
762	562
599	639
484	129
324	864
568	617
748	930
244	223
823	698
143	968
348	843
274	234
61	380
442	814
406	121
223	218
596	130
88	351
461	612
451	140
404	636
592	245
247	272
981	264
494	371
552	206
318	291
446	266
3	782
142	243
921	922
136	723
844	344
142	468
863	503
232	501
682	704
525	802
869	229
398	886
209	712
702	365
451	138
295	963
183	846
9	251
648	109
134	761
570	427
650	632
154	527
237	988
412	673
889	274
384	193
364	241
628	839
716	303
982	383
351	503
828	553
655	277
785	534
588	964
699	957
371	941
931	143
37	934
44	611
804	239
190	806
177	662
841	592
467	305
479	839
316	121
256	788
986	745
783	669
313	575
649	579
88	654
510	217
754	568
805	469
296	397
191	434
950	448
719	680
355	668
314	853
471	788
971	867
146	919
229	892
284	167
832	560
234	776
208	173
335	389
885	859
950	685
322	465
716	282
116	755
151	657
46	773
783	321
442	320
152	862
690	893
243	746
2	940
192	526
946	215
940	815
16	311
878	689
729	817
482	229
291	809
704	642
837	803
846	178
755	312
109	106
757	155
805	162
979	489
268	567
443	165
612	248
449	687
145	129
803	364
558	914
577	139
700	464
108	787
54	312
963	121
485	372
392	824
279	343
180	662
972	703
696	694
502	686
199	200
289	821
951	551
489	131
190	122
877	754
817	869
711	103
142	577
565	808
112	947
676	127
452	831
826	913
791	780
285	464
609	652
974	694
818	580
535	285
754	547
890	363
293	780
248	669
195	211
555	334
922	144
303	484
49	413
56	877
704	378
758	576
855	823
700	220
353	228
10	476
818	609
492	560
236	226
789	910
383	228
956	817
141	221
370	531
343	312
271	127
339	846
260	437
722	455
307	759
348	638
414	490
510	854
838	369
898	827
317	585
503	298
953	240
247	748
271	504
517	271
118	669
189	993
860	694
492	241
795	765
869	203
531	737
27	172
991	361
371	209
517	243
815	509
458	148
299	858
628	336
415	541
54	245
222	304
588	994
825	546
651	582
570	443
320	740
16	985
456	994
61	126
917	139
112	611
408	374
825	489
848	624
255	178
433	818
173	641
186	156
217	338
783	301
356	235
960	199
720	488
218	740
405	943
85	1000
57	278
70	279
688	864
799	420
157	926
610	801
988	585
449	167
141	992
917	756
745	550
278	334
841	180
201	870
749	630
591	969
588	561
748	344
138	943
794	566
618	589
682	767
31	878
29	687
425	978
493	288
804	281
328	880
463	897
476	147
600	459
66	590
932	228
751	217
270	637
209	810
239	272
189	235
775	818
113	930
57	432
46	486
755	124
733	495
344	539
309	546
2	354
898	408
978	894
296	431
343	714
425	833
88	691
239	643
620	970
663	665
741	115
852	835
210	491
756	860
442	129
87	653
971	411
450	709
903	646
620	714
486	412
1000	765
188	405
866	208
727	710
183	869
852	375
462	181
897	357
378	109
817	1000
427	110
353	125
336	175
318	624
86	552
776	628
389	726
162	177
893	917
158	196
151	877
10	570
187	612
542	383
747	859
34	607
334	154
888	677
116	733
577	640
631	498
265	694
121	622
720	278
428	147
64	900
4	132
277	301
322	306
312	247
334	898
62	285
126	190
445	995
308	646
862	918
530	648
828	387
364	570
165	212
223	318
93	478
780	729
590	711
521	645
369	645
237	795
386	160
357	608
482	342
924	409
55	200
383	552
928	554
168	234
894	419
730	244
230	536
797	752
294	805
883	236
722	959
245	683
797	582
131	520
889	416
948	194
921	633
686	818
206	825
627	550
197	656
372	164
871	351
601	987
905	927
407	724
841	452
679	549
61	159
70	125
135	735
286	391
332	945
327	801
670	680
955	451
333	467
244	101
325	275
67	202
517	222
430	224
792	157
479	115
324	798
8	907
592	165
422	485
84	673
648	363
969	230
563	205
429	629
165	894
116	779
847	843
361	337
2	489
840	716
102	891
47	792
939	169
706	521
451	365
390	596
257	616
762	307
321	606
795	617
487	904
641	510
959	727
870	831
222	587
591	931
286	446
686	464
757	310
296	103
534	657
229	546
279	743
604	332
366	992
881	184
296	831
142	674
455	573
149	837
140	926
76	223
596	882
598	715
15	969
10	141
177	681
504	729
896	489
169	897
404	615
220	113
997	173
183	650
231	763
478	282
117	622
765	221
117	684
114	245
744	375
510	105
719	141
518	333
240	379
922	199
950	416
599	383
458	886
217	759
383	150
214	408
253	904
959	341
372	156
209	629
365	896
25	770
142	649
355	446
24	510
294	453
581	295
453	376
356	736
168	254
452	623
101	195
816	608
311	823
156	226
193	245
297	988
25	448
126	812
473	400
371	449
703	783
756	626
109	692
978	749
161	246
687	691
749	536
375	786
985	357
621	244
253	400
576	264
501	709
776	546
124	642
735	334
463	383
617	424
797	840
586	153
736	595
82	654
752	634
468	274
645	375
247	538
493	354
434	187
826	693
284	939
898	438
992	926
349	322
310	640
626	389
288	273
779	300
720	1000
117	506
270	729
273	933
615	231
498	439
828	851
715	862
16	130
941	254
4	609
687	726
927	267
475	918
189	285
123	155
167	850
546	537
116	588
814	796
217	252
796	443
614	739
27	211
850	405
852	157
65	273
996	154
562	912
822	737
301	831
87	120
559	510
310	693
384	118
796	636
855	742
327	796
472	260
970	629
448	660
452	452
559	759
817	184
157	449
594	451
988	871
629	717
993	524
273	766
689	901
376	984
578	944
238	432
340	469
214	834
643	846
800	588
969	648
424	948
239	344
866	726
758	709
458	715
957	888
154	941
568	549
862	660
330	973
801	412
179	680
351	179
944	862
126	501
171	221
692	306
26	134
804	762
881	786
814	346
86	318
807	282
639	814
504	646
155	861
310	186
189	391
783	763
871	170
785	403
789	876
717	509
581	613
483	364
679	865
769	841
536	288
766	897
653	429
598	222
284	414
720	669
2	475
998	932
417	335
826	670
397	144
353	155
195	468
426	778
869	174
977	735
592	953
116	143
658	766
744	254
716	329
10	892
817	542
902	686
831	627
75	892
153	900
943	586
694	544
159	899
300	715
895	858
405	118
275	208
998	415
557	166
710	416
443	774
334	961
724	271
132	261
224	749
477	665
795	191
661	657
573	326
807	537
267	863
174	922
146	743
315	817
171	469
604	451
666	696
819	846
424	717
450	856
745	292
429	424
348	238
328	986
838	105
918	945
836	562
149	693
142	450
886	997
725	770
810	487
809	110
229	531
187	602
407	983
998	513
903	432
115	603
544	114
104	882
200	886
284	512
736	319
668	336
671	916
311	325
851	419
702	310
356	347
737	195
421	360
896	573
733	318
527	407
695	226
342	491
72	908
428	960
234	565
744	222
53	475
799	286
358	282
600	389
807	269
885	150
31	958
992	115
109	558
758	695
942	960
446	898
358	799
404	261
207	889
605	317
8	288
171	299
105	769
240	402
571	565
851	651
515	834
36	659
955	249
58	597
946	919
934	805
684	600
891	927
44	439
513	477
557	113
338	116
366	789
380	297
947	788
325	188
269	551
214	617
908	607
418	418
762	363
491	495
566	491
155	605
604	581
726	151
108	377
788	795
893	765
771	307
836	352
730	311
740	673
490	931
90	181
496	939
809	455
568	544
621	734
412	144
383	558
294	650
791	462
861	361
869	558
692	647
52	797
649	951
755	108
422	229
512	965
156	380
687	913
585	318
586	751
622	721
330	871
658	152
487	221
107	327
318	936
735	464
443	775
356	667
122	830
899	942
901	826
691	109
53	859
172	204
131	331
291	786
639	450
842	473
235	945
781	563
254	835
987	556
277	583
924	688
601	117
521	539
929	786
24	194
321	239
562	262
236	302
348	771
877	500
489	244
567	583
505	111
718	457
145	836
599	368
229	939
314	939
812	561
103	113
209	573
953	821
814	598
782	256
510	585
148	483
299	307
774	774
734	229
732	849
901	685
879	300
940	760
695	417
333	948
889	118
720	596
652	905
207	972
457	248
526	931
841	121
200	636
599	743
523	256
371	742
901	373
122	391
556	528
889	299
379	340
278	488
799	936
495	351
30	231
912	533
587	730
122	442
141	757
608	730
476	800
643	412
363	170
525	659
407	280
610	463
941	982
591	832
56	435
61	278
816	289
285	185
2	136
195	330
432	839
145	190
188	220
123	563
253	812
150	238
876	152
952	133
938	307
376	876
72	326
172	197
844	178
921	567
114	794
56	932
301	430
276	630
553	107
554	985
952	680
90	329
734	581
437	189
320	354
670	252
647	151
832	945
940	637
691	130
893	468
861	233
838	817
404	638
593	269
371	594
127	988
873	567
743	884
628	570
314	827
808	787
556	438
491	429
965	516
378	951
8	462
115	214
763	419
456	393
875	719
150	314
650	872
615	673
994	498
740	516
866	165
9	237
620	443
449	951
593	371
92	753
837	884
615	785
877	548
896	866
264	576
330	718
292	960
16	525
43	171
812	160
852	423
162	261
316	841
312	821
735	642
172	148
233	870
62	848
919	251
238	455
31	205
31	786
312	408
316	509
922	380
945	333
181	387
15	739
840	439
404	242
625	336
897	420
521	938
244	712
385	850
493	637
144	575
593	897
645	432
111	505
223	222
803	180
809	245
749	411
170	380
608	856
15	303
877	965
710	565
878	667
171	998
804	992
849	744
870	923
165	100
560	802
991	200
385	791
807	291
250	787
708	997
306	415
325	693
52	940
550	267
550	723
633	645
404	966
2	284
398	239
933	157
985	372
188	141
5	523
541	140
986	553
521	737
567	641
200	725
163	681
654	299
488	228
997	259
710	715
452	805
137	319
955	327
854	440
587	508
355	582
610	104
439	260
607	716
551	753
628	240
644	789
921	345
477	549
820	305
683	227
789	644
291	346
229	290
859	305
638	866
870	593
963	201
169	456
887	235
234	738
715	525
397	956
892	940
17	611
355	842
557	873
298	621
602	269
771	487
454	597
456	944
590	157
808	386
780	552
474	919
656	827
579	765
433	582
357	702
119	488
962	945
225	515
653	294
53	208
758	861
75	602
976	254
515	486
831	919
537	489
9	190
807	820
353	413
413	204
775	827
630	759
535	238
939	275
145	873
755	161
124	284
48	943
26	420
334	633
339	402
994	527
696	194
374	119
719	959
903	963
19	649
327	162
591	177
534	949
454	489
498	265
754	295
509	833
253	242
758	186
161	475
435	943
371	568
998	852
150	513
190	812
51	196
643	571
883	176
215	318
627	696
785	542
220	748
514	207
752	280
359	674
233	115
829	342
221	954
138	759
451	591
48	388
149	990
48	386
155	224
17	231
777	641
690	107
380	510
66	641
384	850
398	364
808	164
45	963
246	155
566	690
564	788
791	874
527	110
5	441
485	893
66	608
589	989
132	527
435	546
341	432
676	101
911	562
590	798
712	216
668	587
912	466
225	442
317	910
582	227
85	284
662	230
142	923
749	909
349	257
695	197
824	626
871	292
507	336
709	672
615	573
314	373
629	337
436	326
236	461
591	631
926	555
922	384
96	893
46	457
136	254
272	981
866	459
217	454
655	481
325	260
555	266
457	470
910	588
863	346
161	377
455	838
864	906
280	786
221	452
494	343
494	194
150	803
425	538
757	417
4	433
502	832
734	606
877	333
998	382
474	836
536	576
828	946
368	655
552	745
563	764
934	918
751	503
385	781
364	181
260	496
554	265
663	654
738	725
315	625
771	803
447	634
122	832
743	326
763	714
719	240
940	505
460	188
843	519
129	931
968	125
925	152
551	741
745	787
853	480
565	130
908	221
266	735
949	501
812	218
887	744
298	338
16	491
811	562
114	757
464	833
321	474
886	372
829	177
937	629
939	827
55	560
675	885
576	400
10	116
974	589
445	598
257	745
54	514
185	120
535	936
934	304
23	102
88	466
274	344
719	792
159	426
49	932
853	711
393	140
306	825
659	928
13	116
940	940
853	161
551	314
170	442
556	291
860	667
897	526
599	341
186	950
52	804
597	932
122	933
594	210
574	543
67	818
903	317
828	965
853	748
713	799
443	708
21	881
54	660
933	839
483	160
590	651
928	550
384	746
692	880
262	963
317	223
843	680
98	663
909	163
84	833
163	957
240	801
443	598
992	325
937	862
546	633
314	392
767	874
252	193
982	939
275	246
288	336
362	356
300	680
929	576
715	944
121	333
371	203
511	222
127	491
330	345
319	248
801	753
755	406
423	780
94	642
179	617
175	312
977	716
778	366
461	897
570	918
827	144
473	546
816	159
936	386
466	524
108	205
412	615
545	611
808	395
88	702
910	556
780	526
979	436
317	612
129	779
155	870
698	997
4	986
969	454
515	776
345	646
514	141
769	556
483	895
34	761
981	249
228	552
548	666
519	645
174	809
404	788
238	510
75	268
778	300
768	721
195	872
143	462
892	586
473	909
142	461
984	394
856	629
855	227
636	354
744	553
489	538
157	846
861	857
26	524
426	367
143	172
28	410
557	728
27	405
512	378
104	310
184	524
203	154
677	543
310	780
609	495
766	571
201	661
726	300
677	123
157	943
650	484
459	891
195	153
890	301
928	930
221	943
262	802
774	413
375	884
919	305
433	590
621	526
156	391
47	425
960	643
938	929
784	791
667	549
821	399
378	799
130	264
618	551
883	277
417	294
882	958
601	997
838	480
659	658
263	256
17	514
286	185
150	144
6	384
121	531
882	504
111	855
786	786
674	480
648	563
502	859
988	563
863	444
826	909
63	250
152	340
710	402
271	334
313	368
589	278
586	983
922	100
755	262
396	886
704	396
764	459
76	370
474	346
301	437
118	938
363	374
493	766
549	425
322	115
865	435
357	538
211	563
23	402
992	549
652	405
367	509
880	251
103	817
495	936
860	633
53	864
451	286
249	577
279	784
469	704
763	897
604	981
192	484
804	994
687	949
660	843
701	508
984	622
784	757
471	992
143	339
152	420
298	555
120	783
939	954
635	651
449	252
56	192
651	171
752	790
645	258
719	155
396	463
890	927
192	955
708	952
12	566
763	264
587	511
582	375
510	798
894	200
327	603
194	227
613	670
588	562
923	649
95	717
100	334
993	243
753	583
258	504
73	493
941	366
881	750
411	786
517	979
163	839
214	971
264	458
922	109
708	650
191	243
400	197
170	135
773	681
775	607
662	904
951	464
706	255
872	269
804	738
606	826
791	554
626	101
682	586
38	896
507	983
527	338
258	468
767	189
288	219
59	758
145	498
752	748
755	102
293	979
546	494
197	265
526	581
427	711
233	202
370	976
23	397
223	141
946	711
258	659
478	948
383	903
166	937
346	601
793	702
463	524
576	357
440	811
361	413
774	466
872	137
728	395
629	311
671	317
124	904
44	439
224	464
856	484
275	828
318	652
115	322
228	453
195	966
561	721
435	226
555	897
614	515
65	441
588	384
364	772
630	786
106	143
936	991
932	664
433	304
524	874
783	451
306	309
537	699
600	899
118	349
254	575
228	879
846	451
478	857
330	823
648	110
123	259
800	634
873	931
236	688
390	472
610	730
309	884
674	464
618	508
915	989
710	309
521	780
419	138
266	808
189	166
283	192
409	853
92	214
147	375
509	155
822	264
723	488
270	100
276	840
753	767
701	596
413	542
591	720
847	816
404	397
694	770
457	898
287	525
760	372
467	540
681	694
279	326
867	357
541	827
648	731
184	574
698	620
927	125
670	508
88	123
288	411
339	765
274	634
568	997
434	701
690	995
769	407
368	762
713	220
214	982
871	794
200	999
324	340
373	632
408	297
919	820
200	432
936	260
944	323
465	114
862	646
180	661
384	937
884	418
824	456
282	695
584	874
628	803
238	993
862	217
221	423
716	714
372	838
89	881
979	522
670	653
675	108
739	174
980	113
760	677
945	152
330	333
763	977
136	823
594	285
718	167
445	511
22	560
814	708
950	246
479	233
315	269
951	276
681	470
986	103
630	202
807	344
212	800
385	725
52	456
781	931
933	310
752	575
208	270
510	122
156	639
896	342
502	735
63	976
301	791
306	460
420	681
936	241
961	336
156	841
464	317
829	192
82	712
89	575
771	384
340	362
510	921
188	478
400	806
511	658
725	826
670	183
938	450
948	295
927	987
988	841
272	799
130	399
781	651
233	772
443	905
393	760
198	119
756	707
816	385
777	660
304	746
346	343
809	368
752	473
608	450
466	162
656	813
944	809
258	800
362	595
670	524
843	708
746	247
60	879
792	147
255	468
824	561
677	730
15	516
21	179
822	885
377	570
809	609
669	325
262	611
237	475
696	420
302	910
476	754
356	739
518	458
265	910
628	416
939	807
465	572
582	577
146	869
556	777
499	334
839	440
997	235
940	726
377	100
226	704
749	641
189	260
129	597
731	448
720	753
524	451
862	298
298	553
247	377
671	725
505	502
362	345
857	965
854	827
33	417
744	750
726	988
710	289
889	385
233	471
978	817
971	394
933	189
992	787
702	467
382	199
679	367
467	571
295	959
408	565
852	810
51	999
881	348
863	819
803	703
57	697
538	196
340	418
234	623
671	816
315	507
78	189
287	858
891	217
645	200
727	901
656	729
327	282
47	901
443	732
695	366
668	156
12	752
702	537
34	645
320	141
793	391
905	548
217	599
766	441
486	731
728	803
109	661
533	834
666	160
573	686
150	806
106	645
849	908
301	945
118	891
130	495
162	782
384	393
260	800
276	258
67	918
694	655
338	747
749	254
587	709
427	925
651	529
403	605
773	317
855	995
786	357
628	235
504	458
823	385
716	933
207	906
461	524
647	316
768	786
863	308
181	734
798	187
488	834
800	493
756	644
913	179
415	985
899	165
391	523
204	336
960	708
753	304
218	804
897	190
535	235
247	219
291	872
825	749
828	232
233	972
880	351
419	859
332	556
202	692
419	129
400	422
97	852
201	909
860	199
48	592
768	606
877	186
331	206
765	858
294	758
326	670
385	722
912	697
620	873
128	897
805	223
399	474
274	120
946	537
325	114
67	440
100	926
451	233
98	829
325	742
377	263
827	598
539	395
41	767
239	253
638	102
916	123
981	804
276	640
77	976
834	557
296	646
910	900
363	136
806	467
573	984
450	498
202	121
900	540
458	321
651	997
219	587
545	998
46	611
841	873
880	639
369	850
208	740
603	652
269	876
755	996
988	770
239	114
597	783
492	617
118	798
438	436
900	134
499	302
88	439
499	688
55	213
298	193
118	744
863	870
417	629
743	158
173	426
326	921
23	405
878	560
323	797
748	296
748	910
825	894
277	786
513	926
715	785
344	755
411	762
275	581
668	932
416	974
268	117
886	229
170	373
750	322
842	206
858	589
238	872
722	254
305	473
521	864
137	767
570	634
523	393
751	778
940	435
110	152
27	899
692	884
883	588
814	587
33	347
470	780
998	107
17	670
418	370
429	384
259	949
466	850
40	710
41	953
435	393
421	944
782	945
309	905
901	164
452	147
45	338
976	278
232	117
118	187
137	323
187	643
83	855
72	388
487	968
956	183
605	100
191	976
163	990
335	694
255	965
563	205
99	311
22	680
773	490
205	466
516	817
839	561
29	266
808	532
52	623
273	795
616	611
232	381
58	444
687	956
573	124
907	632
19	244
411	490
776	466
95	407
271	157
256	417
169	862
799	957
278	381
484	570
135	151
117	615
271	399
925	770
547	488
262	951
233	596
268	378
378	690
163	860
664	757
440	607
339	915
914	405
191	505
519	712
672	690
708	184
757	142
817	375
603	813
712	997
290	212
573	510
642	877
482	421
211	490
129	803
451	799
188	313
702	559
934	305
509	109
885	950
858	280
639	682
249	456
317	824
787	707
721	793
320	746
837	439
884	698
318	974
562	338
676	467
423	660
69	855
597	356
826	887
970	778
349	169
157	251
334	226
887	473
669	969
317	901
296	147
34	111
167	774
232	864
142	491
49	696
865	551
56	978
974	988
220	777
112	102
53	692
956	177
566	302
953	459
299	795
78	736
581	604
65	969
886	321
166	763
374	551
695	984
656	507
967	872
670	256
372	592
468	822
323	882
763	449
661	697
273	105
938	283
430	506
87	969
748	670
321	689
655	459
583	950
589	161
979	857
714	389
114	668
443	372
113	260
605	204
40	589
587	966
825	993
549	175
254	314
46	202
457	505
493	421
72	442
965	967
886	379
133	231
229	766
949	672
553	596
203	926
514	278
389	595
306	326
621	902
491	334
599	354
169	109
633	234
992	736
427	386
44	712
981	371
740	457
684	349
617	521
58	667
817	787
72	322
871	317
973	726
874	127
417	946
598	619
814	763
783	438
307	688
350	535
126	995
647	374
210	279
256	579
222	524
197	851
243	179
885	629
23	725
191	495
844	107
595	204
716	674
87	545
504	724
827	543
10	641
392	686
761	310
450	808
286	987
959	861
550	585
961	972
781	379
753	977
724	479
502	443
15	235
889	771
708	809
960	399
403	550
543	298
264	811
312	948
197	133
365	509
679	269
51	434
900	570
253	941
431	410
758	910
253	821
682	815
551	106
324	352
321	572
309	473
688	189
360	676
717	812
1	880
343	588
861	324
900	963
223	954
940	280
566	672
428	701
541	229
343	900
995	698
185	476
748	691
575	409
536	333
276	303
909	288
40	173
267	356
95	243
987	731
371	598
525	941
107	762
473	800
685	666
772	658
292	109
838	874
544	948
127	423
687	240
272	687
764	770
456	829
717	289
614	441
130	337
842	496
647	219
891	866
981	121
427	177
530	668
182	472
799	202
290	696
468	461
622	205
424	108
670	660
234	177
439	687
188	728
884	877
592	611
578	888
786	117
41	708
809	469
360	301
817	261
221	716
108	212
80	701
48	416
41	581
425	929
39	488
621	141
6	671
102	522
496	143
732	905
237	783
597	902
869	187
583	409
952	961
257	279
692	569
846	379
158	320
581	722
12	153
427	429
707	383
413	564
325	642
582	204
236	309
511	515
908	727
573	327
843	768
749	320
211	855
510	876
251	472
268	273
658	918
474	886
210	750
281	773
126	178
382	921
950	115
753	570
765	196
70	625
926	241
530	308
933	695
950	392
873	541
245	797
398	832
824	317
470	787
869	922
49	855
794	852
211	356
685	375
475	329
436	151
536	877
728	977
6	686
904	496
657	561
165	135
368	593
265	929
603	964
128	459
55	480
490	962
480	184
46	139
485	458
491	365
205	200
134	735
984	602
451	992
182	150
795	273
641	209
781	587
576	123
170	257
544	854
624	626
952	941
556	774
939	184
517	527
385	371
614	997
103	914
63	881
98	812
800	203
470	851
993	471
50	494
356	297
580	122
2	567
525	768
495	518
28	497
718	910
584	330
301	534
432	590
715	906
308	993
143	925
269	679
793	477
187	742
609	609
336	253
453	888
728	313
701	608
790	457
204	962
749	875
210	198
984	337
705	428
223	149
363	436
870	131
736	413
815	548
455	695
429	168
656	868
622	338
560	194
910	164
813	692
864	233
684	575
868	525
375	714
492	195
385	995
413	407
926	887
921	381
124	700
589	299
31	343
128	671
382	130
985	344
451	294
972	186
640	649
454	184
93	212
900	309
678	175
550	908
810	344
580	470
644	315
752	122
262	152
505	887
435	563
769	504
957	561
583	756
780	118
793	694
311	271
66	999
762	273
782	654
391	962
70	915
61	826
693	573
372	436
317	292
170	873
144	306
864	435
321	946
456	142
152	381
392	893
439	628
863	679
149	982
659	215
949	427
748	350
315	933
565	276
475	392
73	838
487	441
935	358
575	380
23	401
46	866
825	374
9	499
127	184
942	711
220	819
73	681
575	479
169	544
972	497
245	141
739	744
930	130
728	277
574	678
756	146
469	903
294	952
470	180
576	359
35	882
100	544
629	214
146	234
334	679
580	985
961	542
432	981
775	566
873	371
971	676
526	321
618	836
836	470
309	327
337	303
288	184
819	219
336	626
504	548
868	158
156	868
893	602
600	559
895	874
14	517
488	193
427	474
55	245
97	480
79	400
122	637
933	724
878	115
609	151
880	915
514	532
713	874
806	704
756	861
66	323
713	735
206	924
131	284
895	906
319	477
220	325
694	655
597	978
241	178
912	609
878	699
989	286
348	368
663	147
249	727
835	190
774	750
645	292
271	350
519	333
286	936
909	979
203	960
241	569
62	170
92	723
987	756
377	314
42	347
416	951
319	168
23	483
251	681
794	308
823	981
365	447
813	400
290	924
947	234
553	758
768	628
11	236
134	979
759	553
555	655
767	223
720	291
549	862
213	650
433	154
823	634
175	483
118	447
199	253
878	933
396	770
642	473
329	848
904	418
946	564
344	548
956	176
583	372
949	197
214	632
733	689
873	257
798	424
692	435
349	684
241	678
424	963
757	947
805	517
558	834
237	293
207	460
231	440
923	502
5	946
400	158
525	465
865	450
582	606
830	853
420	176
75	709
781	744
219	853
316	816
225	819
242	817
669	605
123	734
206	829
29	301
31	600
461	429
88	970
513	856
321	786
812	603
833	417
694	454
993	833
878	537
318	978
383	501
546	442
827	439
385	657
151	939
917	230
139	131
903	700
824	169
308	435
828	666
942	649
354	757
823	953
804	392
588	299
321	100
571	819
811	146
280	782
860	236
651	551
915	168
245	530
221	261
632	317
880	201
416	722
661	133
967	548
438	312
937	797
110	159
759	492
122	406
825	747
214	803
42	188
65	771
975	135
661	976
460	300
242	464
845	556
4	974
538	884
703	811
457	493
950	133
167	862
485	516
769	259
74	498
990	975
78	383
184	906
215	664
989	859
124	288
310	916
157	577
127	184
681	433
267	639
963	911
150	816
599	751
341	811
315	783
190	806
26	766
174	550
611	365
40	437
202	212
828	751
507	141
22	973
188	340
868	911
448	514
89	671
767	424
55	550
949	850
324	661
435	247
232	212
822	657
387	948
647	920
164	458
870	756
299	436
732	244
828	790
121	478
322	136
151	536
866	289
652	270
913	814
977	926
777	588
442	887
407	388
829	836
220	861
843	466
904	270
621	729
9	625
785	370
958	928
644	729
598	476
458	850
826	921
423	585
731	822
717	575
356	626
505	955
194	883
797	505
63	904
239	378
327	361
413	508
411	770
247	811
320	375
802	817
717	678
560	210
525	955
477	499
170	757
234	930
541	319
372	384
406	197
940	717
167	874
189	165
182	756
795	433
190	219
254	927
840	176
801	161
286	582
577	611
780	894
178	209
473	964
841	187
250	677
864	818
300	271
332	503
414	659
900	733
623	470
839	696
83	636
773	495
275	625
709	624
671	280
981	243
767	205
179	222
420	718
958	528
946	780
974	300
27	378
409	609
618	455
581	924
632	598
191	647
387	843
621	394
258	659
409	719
911	567
680	836
165	833
565	535
995	740
313	782
363	808
6	505
32	756
119	506
789	838
185	297
575	306
558	625
382	943
116	403
473	621
369	451
300	887
222	325
95	307
144	592
267	246
121	537
270	297
430	947
931	376
475	210
509	467
857	674
277	994
749	572
859	743
305	287
245	843
134	969
607	506
721	451
618	856
813	240
665	455
36	766
870	317
763	577
523	629
365	438
812	782
30	834
201	264
863	143
989	851
219	723
402	971
644	951
69	398
260	279
666	729
496	647
307	822
153	623
988	319
687	326
272	612
394	358
840	772
487	875
400	543
525	107
846	334
722	314
455	674
326	300
299	668
807	305
614	172
287	279
474	735
352	363
33	144
177	204
806	775
19	820
281	905
243	491
816	700
579	784
1000	742
119	635
121	169
375	693
784	298
28	682
892	103
555	180
320	915
151	428
685	883
958	651
851	931
389	787
919	928
395	229
968	752
132	490
469	399
44	354
903	791
211	285
125	717
340	605
867	100
593	943
638	713
214	280
908	721
957	518
322	979
560	392
794	843
457	138
939	463
658	496
776	710
561	542
409	327
917	823
634	681
788	911
772	126
567	511
731	733
390	284
343	769
197	972
256	851
972	718
724	147
663	824
827	557
602	824
767	595
946	565
62	745
350	391
633	483
55	217
540	918
926	906
656	778
32	887
718	702
788	837
458	640
424	329
118	323
677	921
392	504
854	860
756	682
77	717
895	471
352	549
308	404
658	776
512	542
678	373
875	230
434	593
819	516
276	447
597	299
915	184
764	824
690	759
921	437
752	226
703	247
342	213
916	548
954	649
654	519
245	839
303	975
700	568
276	417
955	176
792	284
294	659
210	359
36	577
826	871
784	136
150	777
803	934
84	754
821	683
140	161
9	808
309	363
396	579
754	300
750	352
427	537
941	215
346	246
165	922
630	495
145	438
97	844
646	492
748	169
440	150
325	535
607	402
118	120
181	378
122	147
879	123
20	886
546	374
15	226
40	163
169	428
156	723
214	973
760	720
175	979
731	882
232	853
74	549
370	322
903	889
112	708
809	521
842	872
72	285
848	402
554	526
930	543
882	299
142	831
807	202
520	480
917	221
925	918
63	223
299	214
953	528
793	757
671	246
561	105
476	230
891	452
356	492
27	625
606	769
895	112
83	340
335	977
918	618
84	421
668	893
960	973
51	281
244	781
958	947
504	422
989	173
909	426
399	149
340	814
684	133
861	162
225	723
954	276
801	711
332	307
102	687
60	513
585	866
80	558
104	708
168	785
273	826
537	680
78	448
835	349
112	441
439	554
565	954
569	653
951	485
785	159
860	512
681	815
275	174
213	586
315	116
141	810
289	624
345	342
731	468
972	135
690	724
523	431
595	344
540	774
671	984
442	441
64	151
706	259
555	620
76	393
62	165
600	629
741	910
990	726
861	938
466	368
881	527
852	320
755	627
146	473
893	937
26	899
371	305
45	704
452	506
460	964
271	268
405	125
107	967
480	800
273	955
847	646
334	276
935	430
203	786
807	680
674	239
220	481
201	955
581	646
286	159
476	749
324	711
628	981
888	193
925	654
499	392
400	347
633	234
955	914
838	562
472	892
94	168
326	853
827	339
946	104
933	393
479	713
519	308
250	159
785	837
307	375
986	333
773	879
406	730
861	243
12	690
455	856
50	993
96	797
536	486
175	906
991	399
442	527
929	455
141	330
894	688
251	676
684	240
561	682
522	155
316	754
294	628
348	494
670	611
59	490
487	932
804	331
83	961
753	844
229	160
292	679
519	942
164	698
512	963
319	841
502	343
9	138
294	349
586	986
534	161
628	817
319	845
748	956
96	339
51	606
942	203
162	517
432	579
746	176
563	785
849	899
676	419
578	321
45	681
984	412
267	713
260	102
601	348
163	960
655	748
132	971
369	338
475	478
863	347
596	222
145	639
805	358
791	179
680	806
536	946
282	181
442	692
551	386
813	148
583	404
386	758
919	920
345	427
13	342
614	149
688	345
306	544
807	717
994	454
294	771
948	811
723	373
474	753
568	643
996	937
125	200
601	813
560	413
139	572
581	902
66	817
622	628
453	168
701	435
836	385
894	592
269	171
75	778
912	613
636	305
888	763
495	571
401	850
997	915
401	265
824	925
130	165
466	698
458	323
826	381
598	520
917	645
159	882
379	440
956	822
581	112
709	878
588	444
436	872
362	937
984	831
194	143
767	580
998	751
707	749
747	607
890	706
557	398
32	782
495	226
951	341
307	955
4	395
134	755
999	174
307	260
129	677
22	182
124	262
50	991
73	242
454	166
164	762
713	447
778	153
45	742
443	453
50	945
234	801
622	811
23	910
497	774
407	459
5	413
292	559
457	820
143	828
810	282
545	982
1	424
80	699
752	177
944	544
691	290
725	994
67	550
497	440
481	318
231	289
669	531
57	647
392	746
642	333
969	585
211	265
67	468
653	779
196	453
928	562
645	597
284	538
838	139
150	896
842	270
880	146
743	599
980	947
474	878
745	590
139	736
863	604
941	335
459	132
351	297
461	742
909	643
36	738
90	313
681	172
390	144
141	261
517	534
913	416
522	664
350	636
836	855
491	680
409	702
936	920
193	745
941	203
504	592
883	437
214	997
347	516
423	978
74	246
690	520
930	309
629	976
391	490
730	330
518	435
182	415
136	958
15	178
757	244
403	796
114	348
139	963
788	132
489	650
244	828
280	941
697	755
379	927
520	943
157	795
342	161
676	317
564	173
732	375
589	560
318	132
192	668
241	646
810	196
236	983
107	952
435	949
371	569
521	534
128	601
39	643
917	858
225	416
63	131
186	555
287	632
368	181
128	587
840	720
674	684
533	253
156	234
790	411
82	404
892	604
327	171
122	439
612	845
531	955
483	196
43	200
702	123
766	768
146	505
270	540
671	507
533	160
497	949
594	290
229	286
139	134
256	713
294	609
753	986
116	681
999	433
620	802
100	607
478	919
473	859
474	387
332	414
604	817
867	129
690	891
740	439
629	843
287	166
449	143
767	806
302	218
415	842
340	540
657	592
446	977
549	764
770	936
23	345
866	617
156	485
882	328
857	636
202	613
354	725
415	270
759	295
231	639
848	180
607	691
188	371
914	565
259	1000
73	290
593	572
754	867
959	552
575	560
222	598
571	542
581	611
155	980
965	573
939	649
973	499
698	164
77	139
448	831
632	681
763	114
5	207
9	639
133	448
50	594
243	581
24	836
974	656
128	832
91	596
54	375
310	954
194	361
115	320
359	501
546	381
322	481
198	897
679	429
32	957
839	506
802	123
394	653
589	990
177	531
465	687
210	932
915	249
978	799
386	828
186	383
823	944
280	307
163	984
550	967
938	835
783	780
219	882
551	732
837	736
798	861
810	826
388	943
902	304
475	272
90	573
660	160
621	822
199	257
635	907
578	646
207	702
111	788
609	904
522	769
366	907
111	675
280	238
786	979
767	883
719	129
396	919
484	632
320	190
390	787
948	735
485	830
552	591
525	479
123	432
961	243
225	470
159	101
218	487
129	265
31	435
354	291
760	559
602	546
724	464
293	246
362	311
772	637
694	683
215	115
221	925
627	359
991	427
289	287
204	397
151	145
710	143
242	581
594	815
746	900
859	930
436	973
674	729
119	244
315	809
542	999
829	375
358	282
935	483
954	231
103	262
171	339
733	994
439	142
221	953
399	846
654	953
862	217
380	476
908	301
377	941
809	624
252	467
830	465
29	762
267	130
555	424
62	747
15	376
20	104
758	560
686	304
741	685
202	299
435	542
303	992
163	422
396	135
100	524
123	887
421	198
230	779
934	247
429	260
104	270
727	861
559	610
8	211
528	133
131	716
538	902
689	651
174	317
565	345
486	942
185	622
953	368
692	153
793	381
572	386
990	988
985	441
114	456
353	318
156	405
133	544
522	807
670	291
689	476
972	797
29	450
263	936
710	919
142	423
876	993
344	228
100	185
688	437
347	664
500	761
498	836
818	224
36	881
237	281
462	361
178	885
994	798
718	247
192	855
352	777
634	595
899	617
126	583
92	910
19	767
910	271
71	982
489	623
736	860
348	587
21	425
245	731
531	677
819	139
343	278
832	927
397	872
363	222
732	862
887	937
244	284
823	292
626	829
571	784
984	981
468	978
432	286
617	441
569	775
375	228
488	734
557	716
972	121
886	501
95	128
353	763
379	889
483	837
505	230
676	662
752	853
452	531
787	124
840	265
588	246
587	121
327	337
447	257
944	256
761	278
311	818
700	169
548	834
488	455
17	367
628	428
495	418
480	198
735	621
123	921
772	436
652	559
354	262
254	239
331	995
221	461
532	635
528	687
732	978
912	177
681	593
99	791
699	252
608	390
144	710
741	101
978	279
944	531
452	598
895	359
60	214
395	717
822	558
391	271
687	116
880	408
337	807
36	387
826	991
204	989
443	591
642	119
616	750
3	335
421	738
292	614
749	764
203	431
494	319
341	985
470	853
869	914
930	548
478	623
602	628
314	408
676	966
498	559
668	686
948	280
955	642
434	295
65	863
362	534
991	513
739	895
55	118
919	743
745	507
831	717
840	329
231	604
151	869
820	376
671	321
739	263
759	805
490	689
360	487
411	643
803	154
241	871
241	410
814	124
418	156
49	667
746	229
65	373
862	199
992	122
175	794
605	494
760	288
447	839
330	760
240	885
933	422
497	673
791	180
201	834
429	947
188	808
91	925
708	407
89	595
207	555
622	407
202	509
682	365
606	518
152	818
45	595
203	850
99	681
104	991
956	377
647	504
540	372
677	403
416	565
456	115
211	717
273	807
813	836
898	433
901	775
190	164
462	958
875	764
984	515
269	269
519	616
51	835
32	763
705	591
544	932
782	352
652	857
426	621
803	863
335	732
168	200
917	947
287	601
685	866
402	690
566	972
926	896
102	739
341	860
823	175
203	378
796	645
401	595
633	746
46	244
106	996
528	833
59	958
651	272
945	585
168	450
269	627
307	293
446	516
327	722
620	583
616	980
319	695
253	224
605	240
590	311
330	183
988	735
899	760
724	762
226	402
630	423
31	715
812	263
756	597
496	552
164	839
648	594
287	407
372	707
780	105
97	416
37	287
391	176
805	159
299	479
713	485
279	536
256	611
938	857
562	751
619	146
633	617
406	366
369	525
637	182
239	696
500	542
172	288
800	812
136	825
392	300
128	521
827	637
855	862
649	524
115	969
702	279
527	505
237	466
727	295
84	621
610	768
899	330
7	565
368	385
870	496
960	909
178	150
848	726
737	481
319	471
779	291
626	584
633	899
113	899
233	837
847	744
114	614
71	228
259	286
195	967
983	425
811	274
59	269
67	645
49	324
603	286
318	998
105	489
518	993
149	116
443	397
420	748
679	584
778	825
868	631
92	359
133	102
321	319
411	143
266	721
92	600
123	940
150	690
306	408
264	136
86	340
922	916
602	503
731	886
450	750
298	434
746	865
831	269
702	503
815	340
700	294
251	621
184	542
994	548
250	385
23	919
950	662
187	814
212	336
545	153
275	257
780	265
442	650
593	727
421	656
569	981
186	838
208	870
982	787
918	736
248	917
84	477
777	133
55	527
47	412
48	400
676	238
394	511
759	599
304	355
93	379
617	806
935	649
569	216
374	475
428	383
529	224
358	441
997	504
3	213
55	530
550	131
953	447
432	271
550	621
48	199
973	536
847	475
177	527
631	495
166	981
932	391
789	229
530	619
716	664
264	406
159	871
373	560
246	913
975	599
762	371
469	366
591	306
28	816
119	942
449	411
58	487
936	183
610	366
594	944
98	367
71	833
712	721
824	513
804	643
781	319
634	599
973	949
746	819
544	283
940	213
446	537
281	879
18	741
550	839
999	331
355	403
274	442
1000	669
818	160
245	539
978	353
683	745
505	104
225	600
476	495
189	380
562	185
517	498
627	637
591	872
193	206
448	191
66	984
785	358
615	939
866	522
118	891
918	339
307	475
548	738
647	867
133	386
483	610
660	278
733	122
716	782
83	677
548	262
558	611
436	425
980	938
960	904
757	303
62	521
267	104
112	245
490	648
462	974
868	710
363	771
261	634
805	617
290	852
492	834
358	156
267	325
878	985
327	388
935	434
90	388
110	967
519	309
763	278
58	535
596	409
308	807
661	674
795	264
839	498
460	330
573	737
453	489
265	566
804	700
886	938
895	795
260	583
713	987
45	723
290	335
850	448
913	786
307	267
863	908
216	484
705	728
6	791
387	243
678	561
394	101
557	722
593	320
362	373
331	743
343	445
540	138
343	768
715	749
519	630
797	177
33	338
801	541
753	909
167	665
875	910
116	499
64	602
104	768
815	347
829	125
919	973
465	373
575	808
689	578
162	943
19	507
252	122
591	831
149	797
720	409
340	194
637	900
227	291
50	100
325	681
503	304
459	514
303	835
759	839
362	766
81	205
999	456
945	382
48	806
62	931
132	506
426	664
224	871
967	739
781	650
11	122
951	568
219	564
354	380
519	485
336	450
656	733
932	246
836	587
989	811
929	426
322	963
878	847
572	521
751	346
944	657
643	479
777	561
114	527
777	382
24	911
144	422
577	715
655	926
512	843
598	184
235	460
430	588
219	981
675	746
571	468
584	329
255	687
919	875
790	627
795	635
872	677
280	594
670	323
970	542
146	674
838	147
237	627
326	784
888	774
956	915
446	730
509	559
852	964
780	861
296	720
675	286
571	593
72	747
753	502
30	376
312	268
492	138
940	755
454	271
651	925
380	296
179	285
439	235
988	870
767	439
375	212
204	891
726	378
130	361
957	746
294	403
101	954
502	645
229	143
205	949
28	144
791	721
334	624
805	356
121	304
925	136
762	862
214	533
771	563
357	826
897	808
919	484
268	785
194	114
794	753
361	283
719	208
818	503
144	524
489	688
283	880
703	290
3	964
207	980
356	297
226	417
506	872
262	309
87	312
887	599
348	313
574	342
823	254
860	683
245	142
829	984
618	609
443	198
801	868
404	548
86	166
41	460
358	733
711	458
531	112
420	665
135	813
97	896
6	977
589	360
13	743
920	541
68	161
55	716
712	822
876	520
609	389
730	592
797	359
336	537
242	813
564	903
194	738
267	558
657	329
671	586
320	854
217	708
878	502
302	653
872	506
951	418
252	167
207	620
933	519
803	314
658	966
137	955
403	657
963	844
894	860
61	915
127	709
318	881
379	494
124	227
383	642
773	820
60	396
32	881
773	841
665	448
583	191
592	467
512	700
658	223
372	850
236	549
785	239
847	565
189	986
989	658
842	557
698	851
287	568
865	913
756	433
499	895
698	801
312	832
597	172
91	694
454	878
475	356
764	756
882	365
647	271
735	439
705	547
42	744
502	836
986	395
760	456
452	587
607	313
295	800
248	626
460	765
615	195
146	964
976	752
792	111
61	275
554	846
574	195
27	525
203	124
909	736
545	170
83	980
105	163
588	561
792	250
186	147
917	955
383	173
486	790
996	130
393	825
978	848
727	475
809	413
93	1000
267	519
490	315
115	392
496	738
620	495
390	524
52	533
158	804
176	246
102	529
694	310
349	528
97	283
88	232
725	342
790	768
744	761
633	815
966	653
651	784
209	635
338	327
197	179
115	890
576	425
503	937
770	456
590	218
90	802
988	381
727	771
214	700
353	234
89	169
97	815
227	242
185	340
538	369
577	926
699	815
901	926
707	223
48	190
615	757
485	134
319	853
985	158
562	753
715	367
826	877
710	978
535	108
463	403
732	300
999	248
296	914
358	955
455	927
590	273
493	672
313	337
812	190
379	196
263	367
223	598
127	424
825	173
427	613
389	212
271	645
345	436
520	872
472	791
919	812
868	595
842	823
402	999
902	885
833	931
253	313
755	796
634	304
599	191
311	467
953	173
829	827
149	341
651	419
653	901
108	791
367	624
668	549
510	764
204	721
471	953
30	874
592	375
256	536
7	491
110	406
148	444
390	594
635	178
529	625
207	101
971	666
901	488
240	247
515	952
140	436
267	201
178	262
246	380
406	585
743	604
721	793
358	384
612	945
319	155
496	177
870	801
336	251
160	585
426	714
802	781
336	532
128	675
835	544
193	509
227	844
765	750
134	219
32	498
951	256
971	197
803	530
719	183
941	618
928	175
116	922
951	158
363	390
135	879
244	344
402	437
287	737
29	205
529	639
787	817
236	145
331	875
656	931
983	379
141	336
186	848
126	820
462	953
68	921
263	199
29	244
798	386
700	499
208	475
593	698
494	790
267	660
738	743
510	127
479	821
602	780
74	281
621	441
509	955
2	274
742	232
561	315
758	979
640	636
423	287
434	557
541	911
166	226
585	265
608	419
359	200
756	375
982	823
322	372
920	920
395	242
689	816
118	919
635	711
113	257
432	542
161	659
895	925
438	797
335	909
901	733
676	809
252	464
469	159
200	594
258	440
928	952
888	513
675	606
290	892
813	152
659	249
381	511
168	179
452	806
767	416
122	642
814	325
352	394
200	271
547	212
435	685
547	584
457	417
165	223
225	520
177	275
55	800
858	129
675	311
425	420
953	623
909	913
312	746
325	493
90	146
465	461
783	581
425	108
774	629
82	228
104	630
536	673
706	173
884	784
670	881
237	186
857	212
206	357
545	561
888	993
14	229
97	360
802	990
190	646
18	596
642	228
16	813
645	916
823	973
112	572
824	563
467	152
552	420
858	777
176	286
678	863
78	392
504	651
313	546
15	205
479	603
327	561
72	440
730	506
662	651
298	679
376	776
763	728
834	771
416	502
789	479
417	942
766	937
369	420
972	475
403	108
484	815
588	229
9	851
25	865
48	285
873	490
736	473
89	313
745	910
144	558
70	158
767	892
946	964
69	683
928	315
261	985
705	651
290	480
986	963
114	386
679	198
441	456
151	516
981	933
918	167
539	914
107	648
921	859
51	467
759	505
526	919
298	993
48	777
394	371
699	952
165	626
985	972
526	923
566	399
855	855
296	843
852	952
900	549
634	689
223	391
824	669
430	857
30	726
20	696
281	220
141	318
275	335
84	268
111	400
156	121
707	442
359	651
561	485
597	294
469	382
377	523
538	577
823	148
333	679
34	285
307	409
318	914
805	670
388	239
362	434
90	168
852	195
987	787
336	144
881	807
709	269
949	402
410	912
62	183
86	693
102	641
702	354
839	137
914	736
693	574
19	429
427	862
633	175
952	867
365	984
422	410
699	717
204	214
876	121
858	250
271	740
318	420
96	828
167	993
388	734
243	240
83	595
115	933
759	639
616	100
814	465
947	161
685	293
662	740
822	663
661	336
600	602
281	900
724	341
549	168
822	515
805	682
620	119
726	355
573	691
270	240
254	275
699	583
284	736
100	716
63	223
174	604
765	981
709	569
367	399
320	577
561	609
89	273
253	299
195	856
114	723
823	387
749	916
281	136
385	662
64	210