10000
1750
100	456
509	257
167	171
486	966
165	106
529	414
926	810
834	579
989	810
996	184
62	708
565	538
584	909
913	499
235	368
857	552
741	384
584	260
839	472
872	897
584	296
195	826
162	525
289	703
862	498
132	594
129	661
721	763
35	555
795	827
332	400
552	354
893	117
887	773
548	219
73	691
390	616
519	621
700	625
859	936
884	623
576	767
303	693
851	722
511	377
751	199
691	321
65	381
822	107
850	212
204	779
593	157
97	972
102	823
824	713
413	266
535	475
674	867
583	796
967	332
945	778
831	664
228	350
471	499
431	782
691	392
567	240
242	181
424	613
46	171
227	461
637	872
429	428
554	513
336	612
23	875
601	379
102	745
242	286
400	688
311	872
52	249
649	658
30	299
620	615
207	195
756	481
388	425
9	724
116	428
904	342
861	609
87	910
12	473
180	815
5	770
166	482
121	980
925	509
818	362
860	821
577	376
420	693
489	557
581	206
689	521
657	821
777	848
922	341
572	632
551	301
462	162
449	723
174	765
34	832
221	579
432	474
718	512
422	795
388	340
549	864
52	539
883	455
262	151
338	456
584	960
353	712
645	402
489	357
343	784
937	342
371	547
916	673
509	724
641	380
572	402
67	852
87	254
855	752
245	621
937	668
973	686
230	762
970	382
495	951
909	545
765	241
337	166
424	133
835	369
711	396
670	601
544	751
254	956
787	975
843	732
656	773
765	713
648	433
241	441
209	415
685	855
404	816
275	510
738	729
856	447
1000	917
38	601
525	872
55	240
350	202
83	212
64	935
658	327
355	536
765	144
547	522
755	628
158	687
412	452
56	501
146	278
89	770
883	547
870	258
249	531
712	993
716	742
275	208
756	819
596	707
633	889
478	679
872	707
646	787
564	205
9	947
991	842
951	892
153	739
136	126
821	198
590	415
464	917
214	387
375	643
354	692
306	623
438	649
150	756
2	410
651	191
269	727
760	376
561	985
725	834
331	946
793	887
474	898
895	472
801	581
909	887
213	906
945	326
854	615
197	215
427	951
129	797
332	248
311	204
824	420
911	260
501	341
521	263
499	315
950	521
857	412
753	175
163	965
510	631
2	632
789	628
162	194
575	449
515	336
564	230
555	928
222	266
697	369
947	322
31	152
978	913
270	742
842	386
426	298
567	297
527	736
362	783
777	110
649	989
248	508
186	633
444	706
96	501
313	941
945	841
460	686
759	793
262	170
750	291
549	418
387	348
986	407
939	909
532	426
824	307
173	753
492	538
179	309
821	740
923	268
5	734
284	966
788	503
677	887
259	782
929	573
700	326
528	450
495	999
437	326
847	938
80	461
51	490
475	111
974	413
327	182
966	864
839	435
619	136
775	845
508	701
120	268
754	906
400	404
939	328
478	587
143	719
627	776
646	514
836	988
829	833
11	974
198	490
412	259
943	606
638	570
844	933
574	171
113	480
163	726
681	518
625	227
540	572
679	396
626	334
285	327
373	349
475	416
939	325
295	833
603	439
106	757
608	857
853	613
506	117
273	132
664	210
983	585
733	396
35	333
326	757
798	642
804	841
941	948
820	298
18	738
111	155
617	493
875	823
413	600
180	623
450	926
986	767
546	811
759	498
185	300
877	520
286	527
625	734
213	100
491	438
990	625
659	157
169	574
573	967
801	246
423	533
499	374
329	501
240	964
660	111
333	243
439	531
33	217
737	178
714	267
113	615
548	638
67	197
716	605
502	268
584	513
374	465
175	446
976	126
195	667
569	915
290	706
689	537
939	163
690	691
509	962
33	359
616	370
520	371
749	370
425	516
463	796
890	992
549	497
72	131
446	264
986	787
266	758
585	653
455	191
956	744
339	186
293	626
332	185
15	609
439	602
173	763
192	177
173	723
443	510
491	183
67	531
731	861
739	223
74	197
146	836
552	425
93	343
783	709
568	951
12	328
914	605
629	300
514	930
788	811
150	172
286	548
457	748
503	904
451	263
821	105
419	159
722	725
779	672
562	440
282	634
710	887
4	572
982	337
151	873
446	162
748	503
37	305
458	747
134	214
579	204
85	353
192	144
203	357
397	644
475	325
374	453
947	696
588	473
417	420
983	409
945	241
72	249
571	659
880	692
780	230
752	294
967	254
489	513
764	686
469	104
733	539
249	719
279	773
631	256
487	782
984	106
525	258
480	939
418	747
274	791
195	583
21	170
107	176
169	556
593	599
617	709
715	187
743	773
443	543
684	218
385	642
650	350
905	771
742	735
689	849
511	810
818	448
247	128
505	979
286	807
41	989
287	956
900	305
579	134
953	551
224	121
432	227
893	509
780	368
31	802
916	620
749	783
441	990
229	113
850	973
173	882
591	557
751	434
154	187
381	378
985	585
670	622
433	198
543	419
293	184
49	928
505	617
717	826
559	507
211	216
230	955
238	530
633	293
616	720
505	287
235	114
752	835
146	294
43	649
336	864
51	235
755	162
569	334
922	748
275	883
391	450
946	134
930	509
130	378
112	468
835	587
901	952
828	923
900	166
777	461
185	651
183	155
672	744
751	523
250	336
928	841
110	931
286	406
765	952
274	277
660	861
245	609
282	375
507	260
870	718
830	508
311	973
323	207
700	294
919	484
83	530
354	991
15	691
149	364
555	784
396	155
534	684
869	266
321	458
211	695
567	572
419	365
243	888
565	170
467	290
145	927
703	160
491	830
412	330
462	947
502	185
638	209
981	237
810	544
178	140
128	495
43	325
916	828
549	262
932	278
749	443
644	257
405	843
546	461
795	778
120	654
397	446
467	256
141	632
8	756
428	595
410	381
211	398
350	916
203	872
359	501
310	212
603	708
981	182
762	580
514	225
79	222
436	940
826	494
639	535
523	963
935	735
683	639
471	663
391	167
158	277
207	696
956	449
261	102
134	621
98	426
87	973
128	397
400	401
605	487
442	579
381	638
321	757
654	315
289	402
654	703
152	915
609	111
996	327
115	383
247	790
211	419
664	971
429	537
779	623
335	411
699	798
977	646
740	891
544	531
654	404
532	944
870	515
526	136
642	909
160	789
676	102
260	275
371	754
893	375
310	968
277	257
370	388
358	764
893	628
369	322
59	668
668	272
381	869
555	134
263	309
506	217
804	107
796	136
734	441
921	110
609	658
877	371
943	994
413	750
10	292
920	655
108	325
181	832
231	385
266	146
678	863
235	459
591	929
354	211
203	762
95	394
95	410
824	646
230	106
900	674
553	121
176	236
203	894
721	553
430	498
619	576
841	523
531	884
293	437
507	969
350	499
655	144
709	402
511	872
823	457
484	774
5	419
544	328
677	198
434	510
540	970
683	207
105	761
381	386
792	720
681	794
726	880
653	477
875	224
273	703
683	784
371	500
184	864
776	633
353	581
629	357
87	115
618	219
847	219
30	916
987	184
801	102
851	106
333	329
994	558
168	575
818	142
379	245
711	793
202	462
958	309
19	610
966	209
194	284
27	419
276	873
769	515
282	330
725	686
888	769
514	153
792	828
890	378
830	342
250	325
548	673
307	911
455	275
304	641
177	219
142	590
425	494
590	174
960	999
751	261
647	819
269	982
949	610
953	147
602	793
829	258
157	128
442	892
181	992
162	572
48	269
313	175
584	723
609	461
752	933
510	540
539	143
969	300
418	655
648	211
189	362
488	372
247	832
971	430
981	185
385	613
536	344
677	305
731	821
415	598
767	606
596	609
191	351
387	913
8	946
736	207
830	473
585	536
977	231
82	523
985	517
97	733
681	374
702	208
813	546
24	455
575	111
50	355
148	769
813	448
402	122
122	419
640	826
573	482
606	795
944	163
9	799
243	553
931	689
830	256
40	533
208	427
363	556
197	987
462	251
965	738
418	724
897	700
327	177
583	936
65	198
562	179
530	494
872	566
249	106
485	433
85	326
254	303
3	161
419	581
113	404
592	408
712	324
758	362
680	718
262	279
365	147
657	364
191	112
550	489
200	937
363	469
389	247
689	802
838	723
701	117
119	457
994	563
975	287
2	323
529	956
959	335
251	673
955	998
857	225
909	186
749	678
502	817
996	275
739	849
627	463
922	750
303	145
910	274
208	375
646	556
93	459
123	873
946	270
425	315
559	993
642	120
830	139
842	764
539	889
195	152
425	105
70	876
531	228
616	716
938	482
706	912
25	753
505	192
921	314
459	222
621	599
293	478
278	684
873	329
981	473
618	735
309	944
651	162
61	310
920	252
63	456
92	598
149	573
528	834
59	794
409	951
606	939
38	249
895	810
957	251
353	462
510	428
173	155
4	985
831	140
161	913
441	400
524	774
707	680
191	505
237	498
343	357
99	304
697	318
661	351
528	937
455	459
724	481
918	842
660	164
949	297
52	647
816	937
388	625
638	534
515	1000
416	596
840	873
54	935
403	274
206	542
707	150
213	461
98	122
412	984
199	904
284	294
996	173
608	196
709	391
696	632
792	329
35	226
797	337
146	293
798	915
47	930
260	219
806	123
323	560
131	203
346	219
51	140
575	447
205	143
245	821
104	495
78	687
906	346
295	174
175	418
450	719
511	185
637	895
192	644
307	345
878	453
470	496
805	484
781	797
195	594
63	826
59	845
570	687
337	488
988	901
820	402
363	714
553	872
976	605
121	835
880	323
463	622
879	474
244	473
530	612
494	396
92	275
658	613
924	215
638	146
68	127
84	527
317	791
49	707
643	394
244	314
580	161
99	919
876	908
867	579
462	113
739	481
161	639
65	874
152	911
469	330
217	178
726	917
672	774
214	219
903	201
293	831
203	236
420	275
951	217
66	617
966	233
513	254
291	468
754	264
658	282
80	272
870	684
740	580
388	441
517	548
162	273
807	748
503	433
694	622
446	967
61	939
349	430
467	724
787	279
118	820
221	179
806	465
135	574
963	204
402	174
45	538
948	314
65	767
288	249
300	332
280	116
680	896
796	654
823	642
611	713
659	547
678	504
279	357
297	352
573	976
87	504
602	540
734	582
964	593
962	800
798	871
204	914
727	251
700	567
410	402
496	630
439	344
694	965
467	485
764	812
262	134
309	473
650	587
166	869
804	203
590	759
663	417
588	925
816	924
920	889
254	962
809	392
731	548
867	457
756	896
329	474
157	748
707	511
618	483
313	699
904	731
403	305
611	554
668	939
292	508
926	448
774	878
201	943
889	327
311	109
73	565
243	489
224	287
479	778
87	740
884	412
895	301
983	885
288	158
250	187
731	849
634	250
221	713
80	937
723	586
905	974
180	917
724	986
342	410
863	822
668	135
577	301
851	295
781	342
884	658
521	322
959	278
825	305
793	920
674	542
97	775
70	828
273	221
614	122
673	819
730	418
956	641
578	869
186	438
444	125
886	883
803	830
657	365
339	837
803	746
870	638
379	430
624	180
718	410
899	392
741	809
923	267
115	940
127	291
926	854
45	907
525	504
374	477
290	334
131	890
746	676
365	144
190	864
35	456
257	674
362	506
313	684
377	462
17	700
252	313
633	621
158	192
966	452
556	210
644	478
936	855
615	845
97	780
730	977
391	361
416	367
126	574
686	188
740	372
795	493
46	138
790	994
482	426
632	360
165	229
494	607
64	735
665	123
305	420
393	584
614	724
464	745
234	748
726	691
786	903
477	831
691	623
665	688
291	681
806	127
169	973
857	613
416	405
463	787
227	784
102	176
895	715
779	852
409	431
192	870
835	438
740	590
751	160
428	889
655	102
447	480
431	264
824	110
194	496
808	656
572	144
860	493
52	891
693	902
200	644
877	229
418	845
906	672
994	224
791	222
111	875
65	582
516	360
847	838
485	591
291	426
115	210
678	684
336	375
125	865
321	784
545	824
967	711
501	202
509	882
477	299
715	992
684	919
431	463
31	733
905	213
174	836
957	892
112	387
889	655
984	689
563	529
592	552
994	427
78	769
703	271
960	665
446	895
467	186
147	290
818	865
389	665
353	750
948	482
811	673
46	601
773	690
537	698
367	696
79	412
261	956
540	235
815	797
927	195
359	522
49	939
376	269
381	439
258	708
714	752
235	287
387	907
324	136
512	749
154	224
638	810
675	747
189	744
791	741
446	100
15	219
778	617
196	742
349	254
136	470
521	491
962	827
606	664
894	491
436	420
818	854
361	539
681	501
135	666
544	213
250	295
66	699
972	236
904	903
797	670
421	203
623	988
489	609
818	313
106	361
465	520
255	808
348	639
547	301
300	583
565	891
860	828
246	597
975	145
508	393
267	777
575	843
833	217
885	328
925	810
382	685
152	918
862	757
453	134
968	827
222	218
248	970
900	278
967	858
748	721
929	155
322	636
778	591
965	553
408	318
648	769
118	977
697	630
692	865
999	423
173	388
800	758
421	772
722	855
461	250
22	798
481	347
794	930
956	232
338	970
999	403
118	879
856	729
476	956
511	611
326	666
643	113
548	510
168	600
285	299
51	544
622	555
860	550
895	841
388	709
187	910
316	727
626	378
83	852
811	105
806	938
61	122
89	171
571	466
322	531
619	847
511	255
884	651
208	543
164	567
394	970
153	963
893	332
285	732
382	866
426	333
839	148
340	389
499	160
44	774
59	293
115	592
840	742
351	873
325	882
981	127
406	200
506	599
451	162
57	252
560	920
209	483
499	422
949	582
261	624
607	909
302	577
660	788
692	408
643	264
255	568
549	102
58	934
180	397
474	607
192	593
834	617
586	160
401	756
385	783
70	932
117	302
454	452
60	345
126	486
654	558
690	200
820	699
376	704
513	644
628	225
380	896
809	163
95	382
3	908
649	843
677	271
938	709
52	862
702	661
599	301
207	907
928	537
872	479
802	928
446	879
8	607
694	154
801	910
530	319
322	151
358	748
166	294
647	940
256	755
452	308
456	575
608	475
905	559
739	558
777	854
366	646
820	993
109	128
881	954
902	974
691	736
379	688
84	767
548	531
135	821
614	510
876	521
202	672
943	726
971	386
365	178
402	908
90	103
320	734
6	847
760	538
471	813
783	748
830	103
308	342
494	101
569	896
398	860
945	451
322	103
153	400
288	933
512	180
521	397
99	382
798	671
874	733
631	354
997	515
1	773
670	819
539	903
913	894
8	545
94	578
909	871
33	515
487	480
860	405
652	610
934	872
508	528
905	600
539	184
959	200
663	617
941	426
496	805
334	461
993	866
957	384
872	991
286	676
672	702
900	994
466	660
277	794
1000	838
178	451
801	598
64	512
798	133
705	237
223	429
358	975
486	724
97	727
307	961
142	733
952	722
567	332
322	614
484	381
779	347
493	784
292	541
672	928
28	984
272	629
603	165
589	238
422	956
633	638
75	945
238	860
236	245
893	971
617	183
468	841
727	816
264	295
250	274
633	145
705	318
461	266
595	748
38	477
840	399
44	275
955	135
540	922
379	926
292	367
901	489
409	581
190	482
460	172
319	790
808	466
176	931
287	666
453	930
292	890
5	915
220	559
752	887
282	581
180	843
355	528
684	888
894	873
923	928
447	637
465	809
476	917
412	186
327	247
102	915
821	818
817	194
806	989
802	927
619	941
632	318
623	703
106	231
233	564
826	788
677	529
773	123
977	246
145	324
878	276
184	132
357	732
645	994
765	987
4	502
646	553
754	276
485	198
64	367
214	559
462	213
786	471
18	514
565	151
794	454
326	432
781	921
320	678
892	198
248	625
64	146
628	129
405	696
591	865
759	925
470	872
127	270
557	732
296	563
714	619
855	915
150	726
735	610
72	144
624	933
621	814
685	384
824	376
218	484
664	208
569	138
701	981
910	495
356	457
80	571
570	199
110	606
672	559
531	717
592	553
103	626
770	184
779	684
957	577
520	666
218	105
638	630
80	291
868	568
393	157
191	707
599	737
321	290
734	269
167	475
630	586
853	817
140	882
349	237
835	689
46	211
7	672
408	197
18	978
612	237
506	721
610	634
245	625
488	700
907	661
601	117
143	929
640	733
738	516
803	296
670	230
617	676
774	586
476	599
245	783
407	487
450	861
6	226
173	505
780	735
662	964
215	986
295	359
288	187
859	332
961	378
374	529
50	135
675	337
549	131
313	721
90	898
107	322
411	613
222	132
654	607
785	118
730	963
570	843
348	847
510	612
574	240
574	246
469	408
206	743
193	500
688	541
920	846
907	886
692	910
678	253
608	171
498	399
232	1000
112	644
673	898
910	195
277	866
420	234
773	641
324	326
242	178
945	633
954	458
251	950
518	947
829	554
328	625
54	445
758	479
138	735
790	689
785	929
630	512
427	562
660	619
121	652
939	348
886	294
454	967
764	821
408	397
191	313
499	946
739	933
336	434
401	823
584	137
110	869
89	192
244	709
833	193
254	323
311	108
934	435
437	689
405	318
278	146
437	832
473	679
268	287
330	542
205	156
197	333
948	536
704	801
177	512
569	165
789	703
72	341
86	646
137	306
286	175
833	309
325	868
894	672
237	423
149	527
531	188
4	889
635	473
906	220
511	144
640	949
667	981
410	631
535	282
486	626
832	266
158	114
869	384
10	960
12	793
91	700
159	666
355	915
965	522
846	364
763	500
503	323
698	965
717	383
207	880
194	921
752	384
249	267
517	432
461	766
921	833
53	859
468	192
333	800
42	930
209	664
492	236
380	701
98	768
732	582
277	356
164	393
674	823
666	464
924	578
307	656
834	968
621	963
110	405
592	430
103	113
86	367
233	873
867	791
351	378
827	537
616	965
928	422
237	506
699	648
922	180
756	147
521	448
498	634
484	887
816	868
590	209
340	869
124	971
280	336
59	739
802	903
127	687
53	895
14	658
441	569
277	999
711	614
960	355
87	946
389	590
87	265
49	1000
510	389
663	993
449	782
425	250
101	884
339	448
196	822
974	585
585	767
352	278
716	844
250	721
441	346
474	787
710	121
228	102
657	111
363	254
132	684
662	132
546	578
92	425
228	766
452	722
390	693
580	873
974	141
716	972
668	664
788	549
478	730
274	658
583	133
497	958
310	846
791	821
105	963
461	482
684	861
569	796
225	473
85	342
732	120
871	273
628	963
198	422
785	567
357	226
530	393
49	197
305	928
961	402
928	114
342	916
992	911
653	249
633	347
229	513
634	574
873	429
822	541
203	253
897	165
621	510
89	585
273	933
838	660
523	746
153	293
45	848
290	345
21	215
129	517
707	508
731	102
248	292
512	277
11	810
566	393
749	220
975	843
899	933
893	177
33	706
671	390
12	412
218	325
817	589
203	705
655	965
243	189
374	567
317	607
729	515
397	925
299	708
989	350
982	663
454	154
347	383
516	246
144	876
964	473
715	272
655	394
513	575
423	956
319	364
478	425
622	788
694	309
339	564
451	431
65	230
629	594
329	788
605	483
991	991
988	167
829	483
459	854
429	690
287	590
534	719
871	393
383	936
257	547
654	240
632	759
845	112
798	207
335	204
371	980
829	580
878	460
121	751
89	589
444	400
784	543
531	315
202	781
15	921
578	527
614	789
315	551
237	128
521	959
915	886
27	440
234	272
496	177
997	262
128	926
290	566
554	513
467	495
752	772
571	287
204	900
448	674
755	953
427	929
774	176
508	233
326	627
685	817
944	428
119	742
251	980
574	187
111	567
640	677
568	367
46	568
839	642
4	469
744	266
173	732
682	882
509	799
582	150
826	690
286	405
767	542
793	236
914	129
449	209
209	138
410	194
909	968
749	997
684	133
34	621
451	343
802	978
31	970
462	691
493	928
609	783
753	124
929	745
611	911
728	110
148	187
230	773
507	582
977	802
315	196
85	438
864	111
589	705
137	742
849	669
661	205
599	874
519	946
383	778
453	727
243	129
918	371
284	360
95	892
769	560
726	167
982	751
318	973
79	409
110	245
927	285
470	497
241	867
4	239
719	846
794	782
758	225
772	167
409	173
553	397
101	485
975	624
634	786
480	891
861	802
951	828
260	651
355	481
823	424
159	743
84	613
454	836
546	525
925	849
451	277
446	570
544	533
747	620
453	766
61	406
290	851
931	805
162	438
886	806
34	927
112	383
145	283
707	136
650	916
831	343
676	815
597	272
613	631
129	954
615	692
247	214
95	167
167	330
150	641
844	330
198	676
808	642
717	939
533	422
578	994
872	570
146	206
815	851
445	294
858	963
163	231
953	684
391	265
945	127
174	746
433	325
4	451
717	206
818	771
306	732
790	652
857	274
818	387
237	211
194	353
641	693
936	952
595	929
639	803
35	773
130	730
847	137
977	599
411	135
773	645
715	445
502	723
785	832
637	252
605	738
430	382
420	694
514	859
259	654
639	346
322	379
811	878
740	997
430	535
260	284
798	301
895	795
644	954
406	749
351	986
463	206
434	768
26	696
883	885
142	198
441	482
23	289
607	294
439	790
741	988
80	148
916	347
565	415
871	792
246	382
528	100
149	761
178	776
913	592
431	251
322	984
994	585
571	141
993	901
668	945
914	585
239	581
577	504
863	311
97	508
110	356
736	546
584	429
917	804
810	211
431	651
784	110
825	627
998	696
196	346
630	809
295	225
543	311
446	282
235	952
90	162
782	251
231	195
432	572
713	576
112	801
441	880
857	362
587	459
946	901
2	916
501	822
552	421
313	425
373	801
251	926
505	398
564	132
558	286
979	540
225	511
229	712
610	107
182	942
847	885
551	833
189	923
922	299
329	596
371	819
519	938
491	114
593	989
257	522
377	552
568	334
478	658
967	634
475	901
905	314
536	286
512	960
528	231
43	848
881	915
973	699
214	773
348	599
719	133
598	269
370	893
788	957
934	611
384	963
208	324
951	503
459	900
563	701
628	223
280	973
814	356
569	421
364	989
287	461
88	742
388	670
245	826
941	819
148	369
620	222
689	293
167	184
466	105
653	288
805	718
84	561
802	543
937	938
570	902
619	576
493	402
760	585
213	649
511	541
554	772
791	881
835	690
15	911
701	460
343	512
334	587
254	697
581	391
988	190
249	463
618	748
915	431
169	292
640	137
368	641
264	806
362	272
970	424
493	501
866	737
455	583
629	242
296	373
375	962
555	347
379	708
2	274
10	339
108	591
995	206
560	379
270	424
901	634
95	907
735	325
223	179
119	322
293	650
626	698
611	189
408	446
343	377
315	566
145	264
564	134
637	250
740	143
78	767
708	255
715	985
672	670
468	993
97	306
238	706
942	789
470	871
757	142
692	993
668	119
794	864
755	439
850	542
423	742
320	131
492	902
541	119
967	806
425	761
790	333
171	209
673	360
472	526
971	571
392	916
250	472
943	506
722	156
255	877
846	995
180	826
26	136
465	479
856	956
573	317
625	132
105	691
190	721
821	859
9	840
318	490
387	980
864	851
72	780
724	255
892	737
530	982
662	450
836	272
610	957
983	238
202	970
929	276
829	427
105	201
98	191
345	186
705	432
701	109
164	796
221	743
609	363
626	438
132	824
443	801
802	324
191	115
112	624
35	259
846	173
246	640
330	632
111	856
243	169
20	663
506	474
156	537
938	701
708	830
532	582
386	242
122	218
531	509
291	480
754	793
507	617
993	723
826	112
233	235
805	234
949	573
420	846
580	212
629	558
765	801
911	267
16	424
300	484
133	468
513	270
673	847
875	712
583	505
461	233
113	690
883	486
14	391
224	651
63	133
928	331
92	181
244	624
232	880
257	774
507	888
615	792
664	945
72	426
15	748
87	969
889	684
679	734
528	612
952	393
316	805
555	620
973	907
347	488
524	524
178	304
819	260
501	950
307	821
795	366
720	585
22	130
78	234
793	237
788	760
66	670
545	467
951	160
143	358
961	594
668	527
829	130
348	785
997	619
753	961
679	921
967	777
176	142
200	574
995	640
13	142
260	413
277	893
617	158
356	826
826	476
265	193
104	898
157	176
292	575
974	499
778	555
947	365
668	994
689	147
902	675
103	106
231	718
817	817
140	523
431	348
973	394
146	438
878	212
244	818
612	552
682	138
133	135
723	438
55	961
120	645
504	709
348	567
601	169
120	818
194	972
755	146
684	976
955	597
617	189
924	161
26	721
520	333
456	996
840	397
140	753
605	485
404	902
880	447
650	540
213	338
802	903
603	107
454	703
315	898
291	557
855	309
207	657
264	684
723	277
475	446
622	255
337	523
567	812
494	235
136	553
292	265
692	574
792	640
833	641
737	415
421	202
385	742
867	413
203	520
81	241
721	223
161	291
727	252
732	783
442	689
776	101
990	852
280	468
347	509
414	415
272	828
296	825
372	186
938	622
275	799
305	233
211	586
167	446
315	109
7	491
728	976
193	925
12	924
128	964
494	350
123	674
467	165
858	208
467	671
792	818
503	146
373	786
170	834
996	181
866	397
466	790
443	313
841	147
334	828
721	481
574	928
492	429
268	221
20	612
198	387
750	396
915	755
211	645
621	589
293	565
355	647
347	155
721	408
770	785
594	706
492	835
106	616
7	836
611	166
119	388
798	674
174	172
819	567
63	740
420	727
123	894
378	967
111	872
622	784
514	865
869	542
457	317
399	185
737	995
552	506
304	100
171	969
374	465
291	809
619	582
186	698
202	123
357	854
679	153
702	293
466	667
104	786
358	360
949	699
564	600
527	804
987	392
996	881
351	388
53	974
90	416
278	891
286	278
490	905
655	491
877	481
975	732
808	483
358	255
957	974
154	988
573	696
403	857
611	445
607	328
65	150
281	159
730	467
933	659
709	480
418	767
902	977
988	184
69	965
704	328
418	646
507	952
268	576
265	873
371	348
651	998
440	843
613	242
673	485
770	815
70	942
624	800
4	872
379	406
115	468
385	654
935	152
120	463
184	573
311	343
179	354
66	616
790	448
572	835
149	386
848	445
789	579
942	857
880	723
765	353
505	693
249	707
95	829
135	672
175	979
570	982
707	527
729	982
332	438
564	728
56	908
318	697
188	497
12	628
183	431
736	473
286	990
47	298
520	773
781	143
162	180
262	908
837	191
320	748
550	328
917	978
475	378
502	409
476	219
375	359
405	497
503	592
269	671
425	628
985	666
690	212
536	140
850	766
37	953
390	426
9	678
223	674
887	640
817	342
481	742
404	212
504	263
978	344
246	557
309	457
221	625
820	736
819	708
568	741
287	943
541	475
95	844
147	734
467	809
702	913
282	897
441	761
596	699
755	204
312	217
394	717
67	489
41	161
850	935
842	651
742	181
348	203
831	951
851	928
675	860
394	620
22	290
476	664
876	901
437	292
975	314
449	891
384	249
10	149
707	617
596	121
77	315
172	801
577	293
310	625
381	725
928	580
353	713
628	612
370	390
142	552
310	605
742	541
229	204
844	259
830	407
782	693
219	573
637	178
532	651
891	776
620	896
599	971
314	781
179	891
78	594
268	174
404	319
131	812
791	629
741	311
334	832
867	337
953	956
993	670
331	724
414	151
540	304
321	892
857	174
782	443
888	233
990	386
489	258
15	495
784	275
116	599
660	835
314	968
335	736
936	586
998	733
168	164
603	826
908	244
351	126
901	929
329	948
159	855
572	479
568	734
884	486
714	750
998	624
90	947
755	235
326	673
248	172
369	639
14	769
738	978
730	123
284	118
51	208
122	423
660	101
42	331
833	725
268	418
159	496
322	265
803	440
923	596
181	452
23	328
335	655
796	287
598	536
325	698
21	744
276	713
595	374
330	687
480	367
335	622
275	793
231	495
366	820
263	518
956	508
942	403
369	198
411	569
36	146
333	299
345	400
231	231
937	485
846	468
294	339
490	644
585	238
472	571
911	115
471	370
875	439
537	469
261	272
613	323
669	305
674	634
932	839
49	876
134	195
85	393
746	295
411	252
711	899
553	516
227	743
541	155
837	819
389	601
942	649
614	759
264	550
927	414
982	243
254	599
432	543
501	262
699	405
335	819
149	769
987	288
833	970
797	683
738	333
115	756
386	758
458	377
478	138
946	655
609	968
268	494
276	148
73	633
479	526
672	396
745	900
136	961
480	338
859	227
647	180
94	680
388	860
732	145
10	914
916	523
557	899
655	466
379	181
624	784
573	150
966	757
92	547
807	262
664	274
260	463
8	405
517	265
270	360
203	710
816	380
909	192
270	833
467	953
961	845
615	164
477	826
564	866
190	178
539	206
793	995
856	628
169	544
199	113
813	257
552	747
120	874
993	213
892	779
518	327
650	392
537	423
219	274
63	209
562	868
645	376
329	148
297	907
977	244
196	656
551	241
139	382
554	887
477	869
731	281
758	106
511	175
391	401
600	791
61	497
901	382
473	171
764	619
415	117
246	422
811	988
856	963
235	575
264	956
866	891
405	650
38	364
32	460
632	849
409	739
578	964
935	767
647	461
222	855
718	979
906	408
787	142
277	531
173	365
555	448
793	497
262	582
991	943
346	826
388	735
184	639
801	487
525	840
138	452
968	411
201	264
858	270
475	361
659	324
453	372
387	285
666	564
530	300
4	195
2	365
754	698
230	580
329	561
536	646
843	153
908	612
507	848
614	206
94	973
17	672
823	524
447	726
306	212
497	892
340	980
211	858
780	475
202	287
619	232
712	313
940	690
977	845
461	352
169	938
876	269
666	329
196	247
390	676
351	558
549	750
785	355
934	212
177	149
315	512
343	590
629	238
433	552
746	931
689	571
31	502
744	837
291	737
149	844
776	532
305	743
435	736
787	685
971	283
592	810
762	819
682	868
939	358
249	189
753	281
656	356
44	724
43	603
824	881
468	640
315	471
264	898
245	662
123	412
406	854
269	872
890	502
286	620
93	704
92	210
698	276
635	705
253	434
447	821
68	388
33	318
221	665
245	485
863	316
866	257
438	234
787	970
762	460
41	169
323	228
528	625
107	391
334	856
755	427
18	242
669	651
420	762
400	699
949	880
980	947
1	705
196	291
115	648
343	242
397	725
642	498
802	126
222	350
116	304
202	890
284	553
926	963
763	254
39	340
626	265
45	866
185	554
123	623
113	256
980	460
505	560
705	735
837	165
846	354
774	506
88	846
932	832
367	241
721	784
56	246
971	330
781	329
348	483
391	855
820	600
302	426
770	810
685	992
376	363
946	401
603	340
6	586
510	359
362	148
637	362
932	532
517	563
603	200
804	329
654	265
771	393
341	200
724	946
377	943
684	840
284	367
957	935
916	963
628	730
380	159
692	686
968	804
508	254
557	287
205	772
524	734
862	643
199	958
604	238
486	877
788	126
838	474
326	408
270	815
729	203
491	608
745	917
579	675
950	878
714	511
47	540
80	579
914	480
79	436
171	854
253	657
149	500
380	898
136	191
400	597
139	173
555	281
616	596
268	343
806	366
320	346
519	699
948	183
792	157
486	330
281	119
930	808
386	833
692	789
682	845
192	872
637	134
869	306
662	506
645	409
434	771
840	647
24	747
780	750
668	390
487	450
329	449
306	526
232	196
833	599
93	534
485	697
748	529
190	529
325	264
215	126
675	996
192	350
208	145
723	960
316	847
484	757
383	235
858	681
781	859
50	936
800	714
731	175
700	666
477	619
700	260
296	339
97	526
668	347
685	658
573	551
818	465
688	928
404	430
505	414
646	914
606	459
967	299
898	101
631	422
990	310
5	749
371	697
41	168
588	758
550	433
311	563
303	753
750	788
528	410
449	477
68	948
267	284
137	947
249	119
621	912
945	282
196	790
180	984
923	967
178	205
156	968
99	192
627	952
114	492
445	673
178	275
838	487
212	255
499	401
545	398
800	630
270	538
215	678
422	772
454	313
865	917
739	595
248	390
372	996
230	595
554	813
821	791
888	824
196	125
96	792
381	560
77	733
369	563
546	274
683	188
977	742
935	354
211	822
224	735
51	272
162	884
681	936
605	982
176	829
433	199
207	541
15	429
162	841
4	348
781	387
127	931
38	325
59	652
339	635
201	205
897	634
573	642
201	488
497	920
92	280
453	397
117	264
31	848
484	979
994	699
800	769
534	714
16	266
764	624
530	578
465	552
874	191
479	427
882	654
87	438
950	355
790	715
627	385
441	776
874	762
582	915
290	684
711	386
845	429
781	952
393	700
128	493
859	812
767	831
523	390
593	219
353	279
222	119
342	142
653	850
754	888
908	205
844	590
688	155
611	607
66	821
414	381
562	141
27	884
122	251
520	865
175	776
836	504
389	976
106	314
776	178
37	739
987	141
611	889
70	784
852	424
889	236
511	431
285	601
830	980
979	679
218	326
280	769
850	398
57	835
793	786
676	869
521	769
145	530
996	496
775	364
971	113
915	366
714	384
867	322
993	408
450	898
7	921
90	575
384	564
546	661
949	290
500	143
533	389
228	197
725	240
573	850
149	935
449	990
700	762
333	686
235	162
426	669
907	121
503	429
321	729
612	896
489	435
139	669
411	145
202	721
852	373
136	949
931	802
891	585
727	263
789	927
205	178
366	262
85	193
918	148
165	209
733	266
559	589
167	404
287	731
322	701
244	432
851	847
479	959
558	808
644	576
624	550
188	936
85	383
178	672
118	978
452	837
665	556
93	379
480	455
606	528
61	938
55	695
559	532
430	230
436	318
519	159
437	215
432	365
610	329
100	273
194	672
42	805
110	219
540	448
135	516
780	510
640	351
921	860
949	285
844	324
314	147
608	338
892	367
366	685
716	116
928	190
741	950
702	365
465	300
25	928
303	106
751	595
208	357
363	274
765	663
846	469
143	914
209	383
123	528
450	715
716	821
666	566
653	139
121	389
970	357
563	362
791	944
977	129
759	250
879	489
792	532
43	933
348	776
842	523
988	409
781	317
242	289
724	236
602	554
561	853
748	344
135	891
586	116
916	894
264	316
706	452
440	844
221	398
173	877
274	143
141	175
670	381
995	193
90	446
671	129
522	155
525	616
459	483
816	236
592	130
107	808
239	847
860	150
331	316
11	203
705	839
952	810
731	535
119	153
579	970
767	517
304	971
717	757
166	561
490	116
498	960
715	300
357	276
488	337
653	370
398	462
517	854
536	437
983	747
17	579
705	590
201	840
586	998
390	539
65	854
688	482
305	903
455	234
387	684
962	599
186	333
287	709
100	630
377	557
479	339
313	425
220	923
43	720
384	301
729	539
359	575
701	799
422	895
292	366
108	360
806	601
787	208
16	936
537	566
960	769
46	945
4	243
390	558
800	352
15	910
191	261
907	485
74	415
221	232
8	313
528	316
656	396
591	926
696	458
241	449
740	729
430	502
194	465
84	756
828	450
518	748
758	450
771	779
906	170
803	457
761	411
56	114
114	242
212	259
552	802
944	244
969	562
691	738
415	833
556	317
538	246
348	467
132	295
907	941
149	886
952	847
420	437
806	969
424	858
35	936
842	345
133	434
337	697
831	618
391	336
506	309
410	235
505	123
147	658
95	112
826	226
279	653
901	698
159	609
950	859
831	138
666	780
528	847
123	455
940	107
81	373
638	591
556	870
20	878
640	921
391	426
904	475
562	523
591	384
406	322
705	275
400	755
950	741
806	948
369	600
461	267
362	249
532	135
356	171
756	485
121	368
591	956
419	997
849	825
804	838
965	390
656	488
840	142
120	129
544	180
293	843
691	502
972	452
518	737
143	849
933	659
732	580
351	971
716	275
156	552
561	544
632	825
795	439
211	178
823	779
420	100
928	340
14	702
807	872
329	963
229	575
343	424
454	310
843	745
482	648
583	589
309	801
473	103
425	860
3	584
69	942
427	439
145	497
945	502
682	204
477	197
37	655
770	566
531	472
905	737
434	815
176	836
839	801
985	907
60	229
229	342
68	628
412	793
17	894
841	693
71	480
330	355
807	895
216	622
576	592
767	420
772	745
719	611
620	293
261	419
611	682
697	161
249	132
472	164
276	974
244	678
569	983
264	581
574	359
139	827
349	199
245	556
632	392
379	727
220	603
337	296
217	220
573	422
409	161
819	585
883	306
262	518
716	676
337	842
848	421
644	859
66	319
411	255
28	658
695	757
706	743
790	265
781	159
937	199
205	603
661	774
686	723
525	106
291	948
439	413
192	752
406	696
483	676
320	787
236	314
65	576
317	901
449	364
6	624
139	765
409	866
730	305
648	846
43	404
579	309
431	544
557	932
850	126
916	385
772	370
737	166
44	175
455	750
876	941
627	164
384	697
996	328
35	307
490	449
214	383
676	580
308	255
715	537
506	488
188	741
715	852
879	270
131	193
619	833
342	732
759	710
597	972
483	306
202	277
813	829
16	244
278	268
233	237
327	197
737	487
258	790
18	940
116	904
554	687
107	802
561	443
212	479
977	929
201	209
125	786
620	753
163	849
534	430
666	464
715	193
680	374
960	972
237	255
294	334
590	244
636	228
574	138
420	880
96	275
167	884
830	794
640	633
171	114
578	441
654	960
415	915
909	682
991	642
165	677
535	249
187	922
663	723
158	592
31	991
8	309
141	286
625	306
641	807
394	518
435	911
730	1000
905	201
165	335
825	100
917	959
615	936
702	245
921	925
472	455
124	623
154	489
189	995
961	719
688	672
857	729
398	843
454	961
958	674
841	218
582	361
290	956
763	293
337	237
948	314
204	611
341	376
627	460
118	242
42	482
671	704
882	986
901	820
57	100
363	763
946	792
230	938
678	978
808	768
185	613
61	168
642	221
753	906
70	958
669	249
585	831
370	305
424	496
469	284
649	760
769	159
939	935
651	360
590	493
46	368
157	662
298	918
945	671
93	196
61	894
228	972
237	192
114	596
922	521
64	427
156	184
796	790
778	545
675	877
319	957
870	546
841	535
92	210
539	825
632	639
709	908
49	142
351	616
551	883
367	316
309	876
341	557
960	274
871	136
857	490
497	443
455	969
196	671
207	587
276	266
600	364
375	347
996	500
801	770
89	933
370	924
977	939
26	438
333	936
544	516
32	713
26	673
903	804
872	429
888	772
94	743
297	965
57	619
553	643
97	828
607	814
239	915
628	584
272	992
782	426
697	933
556	915
99	954
354	654
138	189
217	277
195	816
626	464
188	915
219	842
863	285
653	142
38	226
626	671
890	195
333	356
582	826
264	443
428	789
184	979
675	909
93	554
437	816
335	337
591	847
430	936
385	998
293	873
226	765
14	944
144	906
108	161
942	853
226	785
798	298
340	150
123	289
985	622
783	731
608	300
374	865
962	428
308	892
191	135
285	194
545	514
88	207
754	325
72	661
613	210
568	979
930	840
347	891
537	400
378	567
927	392
212	204
734	488
996	491
613	971
495	958
68	287
68	694
583	923
205	848
394	110
174	570
526	880
37	653
747	412
47	341
307	135
132	565
536	142
53	335
197	945
805	813
89	989
697	124
157	257
763	787
191	434
959	878
576	806
75	927
175	524
965	485
720	151
746	979
249	777
139	361
215	445
261	689
298	703
935	333
898	424
381	369
487	799
130	545
473	846
515	695
130	243
549	957
877	599
826	283
418	255
455	729
799	511
918	961
329	580
446	193
488	569
67	421
386	849
93	761
35	728
569	110
849	201
952	199
918	625
49	802
367	491
9	383
840	152
407	737
555	472
265	266
748	476
635	678
58	305
594	551
579	679
485	276
858	446
86	368
657	891
816	740
546	319
58	231
436	745
659	875
902	674
686	153
715	450
328	908
178	740
565	446
982	244
596	142
723	952
603	517
909	508
130	341
919	209
313	560
393	153
719	334
506	939
878	148
206	352
56	915
885	535
990	240
968	575
90	869
962	843
910	290
55	661
418	161
602	603
877	786
815	300
101	110
940	303
617	842
843	687
722	386
561	297
64	551
808	980
389	388
743	748
494	546
583	838
20	386
143	531
397	637
629	645
782	832
778	575
493	591
473	941
132	732
933	450
685	461
386	226
883	445
872	389
139	178
602	359
58	747
895	865
760	1000
912	369
818	654
808	917
632	649
648	395
218	454
371	359
296	104
920	272
666	480
931	662
847	607
299	707
751	861
929	777
967	414
813	988
816	800
52	620
237	341
259	554
94	525
421	346
855	788
651	725
38	861
791	303
983	758
981	811
57	400
581	575
209	929
411	110
507	992
632	607
507	768
200	286
473	175
573	972
14	137
606	648
825	731
681	716
978	668
721	982
131	954
26	117
29	146
930	771
806	798
795	280
740	838
515	259
739	912
146	440
726	481
304	917
542	576
174	913
765	831
52	695
548	309
75	106
751	925
326	367
891	941
35	306
98	337
93	882
746	699
501	545
956	551
955	627
76	516
491	750
805	976
938	661
440	225
767	599
768	869
470	365
919	567
944	225
835	264
880	344
35	319
960	223
137	578
416	928
601	592
31	425
285	169
202	752
275	635
743	716
259	235
430	504
424	484
430	379
491	689
313	196
255	733
534	333
762	282
166	358
826	781
597	232
903	585
628	807
364	511
483	582
664	604
109	292
301	619
713	269
491	402
218	569
549	390
615	401
617	464
4	490
201	348
876	993
245	570
275	969
378	930
807	122
87	807
507	242
865	825
556	645
346	633
706	688
981	138
715	397
367	541
267	278
133	710
730	251
960	845
467	323
890	129
943	997
768	820
377	540
828	624
668	979
649	557
372	702
847	675
552	780
290	897
147	280
295	622
471	421
599	546
49	827
212	533
718	530
473	422
873	135
412	271
548	428
919	264
758	593
955	750
33	377
908	715
766	300
800	844
733	384
92	768
855	458
13	236
152	837
839	528
656	189
76	385
827	431
766	301
885	881
26	221
706	130
79	906
88	259
517	350
131	692
583	149
312	881
612	890
441	546
503	751
863	851
228	336
755	117
535	104
849	282
763	444
624	305
704	406
918	508
397	925
325	162
904	684
974	439
831	440
299	960
649	200
718	795
251	749
292	489
867	452
872	235
472	910
566	266
509	192
981	753
40	496
574	841
538	876
901	123
67	844
731	741
637	531
475	304
659	141
568	518
982	571
891	934
883	253
492	528
41	759
193	437
357	994
412	256
602	429
994	965
88	704
175	388
80	323
210	625
681	472
480	177
822	719
829	395
468	676
298	627
580	574
653	405
995	572
928	922
530	848
292	395
278	313
43	729
686	560
587	806
983	119
650	113
544	987
359	664
881	174
585	950
889	837
574	969
732	529
693	717
461	595
454	824
833	257
555	627
624	541
660	126
160	614
931	979
269	285
188	420
46	296
596	695
846	724
602	232
816	328
727	337
124	727
45	472
814	107
953	283
795	596
198	651
499	648
345	435
845	671
277	627
542	101
189	166
24	154
34	550
63	875
212	791
709	132
804	790
565	462
836	710
811	780
372	433
551	715
723	383
799	704
210	987
442	517
588	772
279	344
351	991
775	516
349	520
531	299
751	864
859	895
870	981
535	981
65	945
622	420
925	843
396	855
371	604
96	329
808	321
387	201
310	535
586	221
490	1000
578	110
989	241
886	301
87	938
805	369
384	788
720	415
202	834
508	754
455	133
997	430
855	551
327	810
342	756
490	943
92	580
595	851
156	648
781	297
784	768
45	769
142	231
653	324
757	903
303	804
980	112
23	875
619	399
229	992
215	265
298	503
227	651
237	253
438	306
531	396
668	350
840	236
1000	985
162	287
982	498
378	937
807	451
760	626
184	463
296	558
608	1000
824	455
948	272
63	904
844	907
739	202
445	269
106	640
816	840
508	235
510	152
950	358
754	356
872	667
255	539
425	642
137	995
451	723
103	894
41	193
542	973
280	889
795	727
355	147
434	406
356	448
60	424
423	433
625	192
576	881
231	650
891	932
959	411
995	885
338	781
650	428
115	431
522	370
602	329
511	538
345	373
271	202
946	457
300	480
54	881
845	572
365	388
365	855
62	218
293	972
643	522
502	235
155	791
386	888
451	591
230	224
702	965
986	442
110	767
603	489
424	591
832	693
512	549
770	115
311	575
156	144
353	844
553	209
632	608
113	532
648	139
897	488
271	437
483	843
96	190
584	412
39	678
532	508
870	434
831	875
806	519
275	398
865	966
348	179
687	436
708	631
648	205
718	349
827	510
439	105
180	492
940	616
505	850
548	542
482	548
239	868
201	183
248	320
34	720
783	959
875	241
65	225
873	626
438	415
643	818
740	554
641	112
798	480
878	893
901	205
348	385
803	277
876	462
613	353
797	245
495	750
940	790
724	986
762	851
428	715
211	138
45	229
349	431
393	232
80	887
733	243
137	363
239	532
830	357
870	244
174	330
517	444
775	370
483	211
308	547
752	278
688	379
4	569
494	154
968	977
599	512
541	662
926	871
154	393
890	333
127	367
377	209
414	911
687	574
914	559
373	102
552	222
787	433
198	708
165	540
758	533
455	979
763	513
74	634
898	118
945	463
99	786
764	847
333	532
244	212
768	618
115	211
13	732
871	894
79	906
784	324
191	924
520	649
203	128
61	736
873	285
837	269
3	608
280	611
429	304
222	446
851	176
666	130
842	978
13	374
110	497
257	831
426	849
274	701
561	363
682	405
498	716
729	822
70	986
658	234
62	700
943	705
734	983
168	996
620	986
904	582
979	248
215	301
941	317
721	375
700	968
673	113
289	820
319	390
695	176
323	801
113	624
45	456
65	724
765	898
225	780
53	926
468	436
904	723
634	900
467	880
685	242
354	305
140	677
425	826
849	209
379	367
111	221
230	612
882	800
97	856
140	924
684	503
778	116
171	276
735	387
672	501
612	410
68	178
693	152
811	162
423	873
719	490
95	642
823	967
436	329
697	810
132	193
858	110
248	309
970	619
495	757
36	624
56	665
171	595
807	209
368	510
285	238
85	777
268	557
735	247
997	962
458	747
84	784
356	986
450	896
592	950
21	764
496	148
512	468
479	619
598	467
441	846
93	210
314	437
287	323
383	994
33	992
137	661
29	151
87	789
215	933
400	390
20	761
465	707
500	155
916	135
756	109
782	728
809	173
831	466
83	882
775	617
281	316
196	779
837	807
710	577
63	784
39	437
173	866
164	626
222	286
20	840
748	821
975	901
719	365
154	300
43	824
318	194
416	732
691	958
257	166
89	849
711	640
759	679
611	250
181	748
783	848
556	866
121	502
205	782
757	118
610	598
181	973
921	715
121	205
706	887
881	904
814	703
990	431
47	991
99	363
749	170
265	886
452	483
170	841
742	725
398	691
141	111
943	225
752	678
600	584
800	348
57	392
154	652
201	332
291	687
807	504
518	533
344	782
420	199
457	952
452	957
974	810
900	830
396	995
536	666
555	719
377	839
119	356
783	714
995	336
64	869
169	529
457	790
111	194
18	450
304	339
51	781
790	255
805	541
809	728
34	146
805	759
70	772
179	218
989	121
323	919
659	240
289	459
820	622
44	349
77	480
948	286
555	344
742	680
783	643
655	661
822	873
514	783
758	767
770	343
508	639
839	357
698	236
641	786
754	105
861	955
349	381
240	531
272	125
71	324
257	866
699	246
659	896
730	822
347	444
945	198
223	746
482	874
607	794
542	983
217	132
974	591
475	375
679	527
764	264
223	589
408	351
711	839
556	313
615	290
365	491
38	499
418	643
858	872
30	630
408	158
633	348
467	700
12	878
454	772
570	239
255	675
724	926
875	969
229	350
47	959
621	529
82	497
623	112
248	145
310	578
801	807
708	654
131	242
389	290
182	882
292	238
568	587
549	988
524	817
791	230
802	994
854	505
780	978
99	527
656	234
759	410
268	797
667	721
278	411
745	407
614	285
305	604
240	916
399	463
882	103
146	710
606	717
272	801
927	624
981	872
416	261
762	725
126	563
331	795
606	488
360	238
137	856
568	793
414	888
671	795
275	680
953	671
785	232
618	242
965	590
879	693
994	818
892	939
583	337
190	969
482	336
948	713
67	440
248	911
67	431
270	242
203	521
129	651
205	496
895	510
90	433
333	127
650	181
261	241
870	244
577	777
108	959
26	238
502	130
665	398
659	569
525	694
601	399
914	727
218	899
12	338
910	409
571	511
979	168
169	268
17	950
93	586
529	703
544	196
866	342
745	138
666	899
283	853
829	432
929	443
713	762
657	651
326	437
782	136
13	531
647	380
98	581
659	884
670	134
970	452
800	110
766	990
319	222
453	918
531	678
169	638
321	602
626	281
152	847
990	910
936	303
516	687
578	322
316	780
482	161
561	225
149	993
120	576
821	346
587	606
304	253
218	511
397	138
567	747
870	844
477	154
962	493
393	393
268	179
638	410
206	681
865	732
613	617
543	261
446	652
621	134
3	516
953	430
376	903
500	278
980	790
953	403
1000	593
833	304
183	604
585	379
388	921
584	918
484	741
594	921
865	764
502	299
505	564
797	263
709	435
827	796
559	519
635	102
524	717
387	199
639	576
365	966
78	993
898	252
326	888
437	298
323	180
21	486
118	714
276	837
3	550
520	518
991	557
108	365
359	903
707	718
602	990
232	803
716	939
973	223
178	221
97	749
120	251
507	983
265	503
45	752
858	127
221	522
121	658
478	481
34	348
891	828
906	987
813	178
997	818
989	838
984	140
463	634
668	811
9	133
421	292
686	139
195	292
496	845
793	612
338	275
924	927
808	389
604	985
154	581
790	951
242	900
153	256
470	796
261	428
691	123
665	810
770	349
853	318
585	906
819	206
299	778
446	642
579	312
67	615
163	827
955	806
13	267
376	181
801	598
264	846
119	414
552	690
570	520
219	732
994	662
949	204
156	672
445	635
362	572
731	975
762	390
83	759
936	673
441	441
517	758
27	109
18	153
1000	110
746	882
557	383
998	379
789	707
724	403
417	946
758	414
44	725
696	601
575	911
599	551
104	549
267	935
939	811
216	597
718	545
246	951
196	558
13	444
671	913
760	487
660	512
545	961
677	596
922	602
424	219
479	549
917	825
635	831
328	886
251	990
87	906
512	545
28	460
615	474
767	657
494	390
12	614
725	941
102	237
179	306
221	683
82	517
862	865
602	632
264	601
970	935
336	936
130	848
76	225
318	233
119	259
759	646
96	421
880	790
495	479
911	662
276	707
233	180
261	997
220	245
527	856
239	452
766	431
693	893
915	800
351	905
624	621
249	449
134	974
793	891
13	432
735	392
429	986
274	356
759	611
786	814
34	508
485	271
594	980
651	252
110	934
967	977
84	645
713	543
535	902
417	799
696	583
363	161
268	837
654	306
285	169
115	695
29	994
618	572
878	283
752	747
376	664
240	874
669	333
98	822
913	313
185	696
697	530
614	592
401	772
331	518
7	902
213	829
576	286
264	129
126	745
333	911
843	196
897	215
887	129
927	285
49	593
75	732
241	272
881	264
287	829
779	200
831	911
913	581
433	424
332	482
76	579
48	521
659	914
465	571
598	321
860	157
336	136
593	235
47	738
534	527
715	383
282	338
735	840
70	467
544	942
328	607
774	634
376	710
951	903
416	252
646	823
790	965
979	593
984	148
774	226
730	519
316	482
794	283
196	935
925	199
683	513
491	793
319	909
712	123
962	726
98	995
472	309
907	931
159	337
417	138
835	355
107	850
903	789
322	314
271	385
695	940
790	297
198	553
859	495
161	127
132	309
394	128
692	291
147	736
481	717
91	732
959	945
51	147
41	302
403	170
863	353
477	152
327	928
161	867
540	933
147	707
694	791
639	222
267	175
811	389
528	375
679	761
291	394
491	728
350	544
154	630
731	248
427	817
159	601
831	472
896	745
978	243
770	589
508	256
198	688
761	548
512	657
805	562
494	466
288	694
831	704
923	160
201	331
990	929
588	766
127	736
780	452
766	595
383	678
402	772
444	129
383	312
667	644
702	852
932	582
851	524
344	328
713	148
544	785
195	870
995	506
539	657
123	327
18	909
150	952
962	362
698	126
514	618
865	818
136	990
381	648
930	226
723	312
512	344
851	601
110	923
550	415
107	871
770	351
950	314
389	511
479	274
51	931
564	478
524	110
976	716
6	654
287	220
908	416
32	748
199	591
974	951
570	360
922	440
738	917
559	172
696	776
962	176
741	615
543	354
835	640
38	755
717	722
846	110
723	755
527	243
637	727
280	210
219	170
288	662
722	187
107	102
705	193
952	660
691	738
4	777
767	546
20	978
397	579
450	198
411	894
157	104
279	279
709	774
227	171
378	926
888	926
3	411
283	978
937	293
232	878
636	193
73	904
819	890
728	133
389	689
617	915
970	574
552	394
907	187
650	924
623	467
455	743
186	168
915	564
462	990
715	998
331	802
97	473
977	789
977	496
382	714
454	631
915	250
163	574
965	855
984	424
686	789
166	256
110	496
189	591
270	317
286	216
458	227
110	897
284	664
43	468
613	732
784	720
156	493
593	929
61	656
943	553
968	456
666	155
623	721
439	162
36	589
614	875
907	111
508	998
209	180
928	669
236	959
212	739
543	341
896	885
687	120
328	956
493	830
512	871
386	744
532	162
148	106
886	386
375	862
147	866
964	511
699	399
773	376
340	817
200	827
885	962
666	777
791	786
910	553
413	484
327	477
376	558
970	936
547	617
423	780
361	997
678	675
629	181
882	691
33	306
664	862
816	911
235	905
640	356
880	608
656	818
734	115
143	728
264	216
43	741
272	146
500	912
982	815
740	105
719	657
479	860
723	456
552	716
282	537
413	408
820	581
883	339
392	196
222	234
410	723
869	810
570	197
960	429
215	244
42	780
587	227
826	357
672	459
200	672
714	173
708	157
994	519
167	565
687	957
74	317
170	450
581	452
87	327
377	645
799	508
151	553
460	855
566	480
665	269
510	239
110	378
640	942
289	704
683	211
284	604
992	985
91	995
330	869
728	313
216	922
260	100
349	599
471	449
592	429
391	316
118	750
316	692
554	630
383	500
273	752
501	792
610	744
656	831
646	359
806	915
606	291
479	640
465	993
479	989
520	432
823	334
165	898
246	113
875	302
801	786
854	356
908	606
594	303
769	386
46	343
501	708
998	747
391	845
491	522
272	724
1000	364
224	396
326	148
589	385
612	578
210	936
703	244
34	220
42	246
788	774
758	927
152	733
377	199
366	491
359	355
831	656
975	577
273	326
669	614
198	345
383	452
177	326
426	618
850	251
640	528
485	635
218	902
888	777
658	269
843	227
74	481
639	204
195	120
242	697
58	550
806	971
527	702
524	651
389	654
384	142
381	134
688	344
504	503
859	480
819	305
196	172
532	590
613	872
757	685
584	538
791	991
850	113
692	430
755	291
768	969
681	232
140	844
816	313
981	986
204	390
604	518
327	575
537	934
544	850
749	570
89	582
918	527
54	996
977	958
894	875
753	494
309	635
602	462
832	201
420	111
418	432
48	875
681	357
370	184
250	965
7	585
255	648
399	716
582	638
442	529
365	639
76	755
193	224
302	379
279	813
847	567
960	420
125	956
754	898
493	316
247	754
956	753
412	646
312	788
631	171
88	220
524	448
702	891
635	415
426	741
587	298
828	767
6	229
281	155
728	427
428	523
945	187
75	318
516	659
573	170
993	297
415	782
511	137
580	969
760	333
609	183
833	594
377	329
879	126
565	977
935	308
650	196
731	775
641	540
440	861
130	956
952	721
368	653
718	118
687	489
657	957
725	160
275	267
163	249
715	427
752	656
537	403
21	491
941	806
140	477
591	527
666	769
263	964
737	799
214	858
438	950
105	769
320	645
610	822
415	553
439	984
363	801
270	828
367	979
628	748
844	690
975	761
59	945
22	837
364	512
407	355
641	924
655	852
507	904
238	412
817	974
372	867
945	729
288	932
842	758
881	299
289	284
824	707
26	246
135	913
653	158
286	271
967	406
169	923
829	580
669	420
577	203
650	679
876	107
668	973
899	315
359	738
279	617
703	803
318	796
144	508
453	659
263	276
124	225
307	583
653	608
237	638
159	723
398	101
693	573
645	337
425	732
113	807
328	389
469	813
121	125
979	661
227	749
524	677
689	999
712	733
437	884
885	804
850	558
559	842
318	843
958	283
362	130
34	462
37	185
635	238
206	410
592	536
438	674
766	920
730	252
973	410
484	801
398	194
933	163
363	384
699	487
906	785
243	869
152	729
527	562
660	974
490	133
446	988
315	443
749	785
20	451
944	775
613	436
364	677
684	386
978	832
879	384
851	369
669	437
338	995
215	711
863	143
585	148
69	211
314	127
553	801
550	734
28	441
654	139
397	251
570	344
823	218
481	298
719	605
47	892
725	793
14	662
249	801
899	236
216	1000
238	286
259	808
851	375
526	856
697	260
85	780
23	926
101	667
200	231
94	271
221	647
702	580
180	232
377	353
553	733
740	947
110	800
982	272
798	748
457	346
240	126
983	769
868	988
843	477
265	234
958	373
933	733
671	459
915	500
655	216
306	154
237	343
171	414
881	790
603	916
201	302
144	639
706	703
977	444
366	393
61	636
541	284
211	148
448	545
30	740
422	631
742	744
374	690
873	876
184	382
1	623
229	609
725	315
953	497
87	735
134	138
925	992
549	979
523	931
625	203
107	434
235	301
73	657
33	951
349	113
375	965
730	841
350	783
892	943
307	904
907	313
297	744
568	104
776	375
758	463
147	189
421	532
227	992
781	606
909	547
434	590
631	965
576	704
514	376
894	754
123	672
760	332
451	638
978	547
806	937
627	921
322	597
676	557
724	510
585	405
144	718
353	133
911	753
550	151
978	898
453	897
282	995
279	835
30	735
825	532
529	866
765	185
681	303
707	318
130	221
117	941
755	527
602	248
17	671
104	362
263	995
53	929
933	778
589	294
137	581
560	287
176	279
28	993
410	284
975	556
980	689
907	961
564	901
466	988
846	629
680	563
78	480
965	161
771	657
61	298
292	794
702	361
358	258
771	633
829	500
654	735
439	393
395	591
251	219
423	445
759	419
949	575
841	392
293	160
514	182
304	956
407	699
494	743
120	914
340	964
558	704
741	671
586	158
673	134
446	336
259	814
902	970
203	320
160	240
200	166
631	458
780	700
91	777
723	941
345	442
977	544
692	298
951	458
935	108
508	536
496	767
142	418
175	931
839	173
614	641
831	760
976	492
150	182
798	243
899	193
218	455
672	651
207	503
725	515
484	749
501	703
115	509
511	798
716	442
491	525
427	924
912	544
533	795
792	647
308	865
458	517
680	225
980	685
14	732
845	858
41	858
834	651
203	276
373	725
370	756
285	317
534	412
254	381
96	399
16	599
804	778
982	404
185	675
347	961
905	130
216	581
3	962
970	232
759	158
865	736
813	716
532	783
696	929
616	183
793	167
227	854
933	343
175	115
405	238
531	471
504	247
813	737
68	568
987	860
868	966
390	137
277	601
1	637
627	928
222	555
95	964
91	688
998	332
867	526
132	698
968	461
420	484
712	561
390	592
270	870
421	671
339	871
520	770
16	299
340	461
691	930
609	123
138	110
579	640
850	757
978	638
797	997
778	919
182	385
250	193
378	940
80	439
163	624
569	401
883	734
311	635
715	452
811	744
738	158
448	434
805	698
220	820
407	633
251	602
164	296
475	501
905	287
847	980
520	972
270	513
340	486
205	343
562	757
820	196
284	367
277	465
270	119
457	475
119	506
217	465
205	893
981	413
468	585
870	893
961	148
763	813
982	147
873	618
708	586
540	492
641	520
898	207
919	300
258	592
216	987
385	146
117	752
272	251
878	291
864	895
126	1000
665	236
513	993
413	307
480	865
830	827
386	538
475	130
918	730
261	283
770	624
558	623
452	871
528	992
49	269
261	731
173	732
898	692
697	813
812	481
668	175
260	694
842	983
638	946
182	545
240	140
563	509
648	986
300	606
69	967
439	715
89	319
638	636
963	910
223	418
491	521
502	697
567	530
891	792
920	640
739	996
925	224
313	383
225	323
680	100
130	134
258	664
719	601
614	912
259	566
643	106
58	225
111	995
746	389
843	650
994	406
29	401
135	162
277	785
42	892
448	283
700	271
320	947
791	382
510	892
78	683
756	619
131	831
940	304
480	136
778	735
84	727
48	569
971	348
768	578
46	285
920	838
547	754
335	521
19	533
472	251
947	189
931	401
699	533
865	401
730	990
244	639
312	311
407	973
595	717
839	441
745	431
789	692
972	278
657	990
546	869
761	100
278	889
927	736
157	251
323	778
991	453
645	436
294	888
298	385
229	328
402	568
52	682
508	501
258	719
775	324
224	470
760	809
998	685
510	563
994	418
654	150
66	391
565	292
159	177
47	270
718	493
863	779
141	448
781	738
411	675
51	318
302	624
327	970
483	316
232	308
854	931
158	937
25	340
739	981
719	568
492	471
474	570
79	128
845	931
780	522
716	372
502	207
337	892
359	180
734	248
278	793
953	254
297	370
860	346
507	326
31	754
180	875
477	183
616	725
234	777
273	355
973	812
936	781
25	239
904	756
869	943
977	706
397	408
925	967
383	493
159	618
727	878
320	822
906	325
746	257
749	513
432	456
36	932
526	891
933	404
178	350
844	714
313	606
495	328
697	873
343	400
264	358
352	633
528	999
663	832
340	300
924	773
386	725
19	128
626	745
660	172
471	349
414	773
548	184
786	732
683	517
163	710
753	507
692	296
439	314
399	694
736	338
622	528
903	114
697	437
198	160
943	993
18	500
923	983
908	618
693	673
99	858
376	559
338	648
50	122
142	178
846	222
115	655
463	652
675	399
525	181
934	271
834	540
770	476
747	605
956	390
378	600
727	240
304	555
884	247
567	342
35	425
410	838
509	201
59	158
59	257
514	496
794	524
136	125
427	346
6	869
369	634
221	599
886	618
428	273
130	807
40	611
661	885
873	165
981	143
314	357
433	113
385	309
880	404
268	516
95	432
365	586
900	233
412	881
643	882
786	784
21	642
892	330
833	190
788	912
734	632
727	649
901	997
73	439
604	811
309	447
366	679
732	172
227	813
354	479
856	589
750	209
665	368
353	853
595	139
975	411
461	279
316	444
340	126
648	132
179	697
300	336
22	144
601	112
561	415
663	287
996	441
580	986
139	820
344	109
347	190
811	649
717	378
71	267
640	854
241	890
765	327
581	785
617	358
269	257
800	230
75	431
857	186
343	452
295	395
360	110
971	765
284	169
911	419
947	372
330	683
791	111
632	273
44	678
945	902
31	764
562	150
956	989
743	217
651	933
352	725
900	771
885	853
29	803
586	417
627	912
456	777
327	694
656	546
7	270
871	644
151	275
262	385
305	796
845	677
19	118
594	949
68	907
469	906
724	671
976	860
444	262
855	732
568	276
460	157
5	348
496	401
792	329
706	175
240	700
974	471
595	906
905	926
47	150
639	903
662	406
790	990
222	649
606	899
117	364
802	965
425	306
436	645
381	184
751	841
606	329
60	588
900	284
136	757
845	790
611	640
321	175
527	974
634	428
201	515
369	618
708	871
215	824
771	977
167	757
70	721
179	945
97	751
584	698
816	225
85	916
873	525
961	201
912	755
960	330
724	304
175	518
877	528
609	393
130	776
46	675
570	759
653	976
126	833
444	978
906	233
733	358
154	574
364	270
364	834
360	443
962	913
930	342
929	938
560	662
380	291
398	564
873	972
157	193
649	450
403	231
258	110
608	248
72	140
320	726
707	254
699	517
820	239
712	885
269	835
279	225
520	154
742	684
537	804
712	235
694	249
261	797
162	718
129	481
356	479
716	685
456	178
340	843
840	217
48	733
195	964
118	564
623	969
938	674
110	717
406	565
732	123
439	491
494	134
157	312
34	531
637	255
872	573
575	924
636	825
133	570
481	329
723	132
808	943
554	934
328	451
431	621
832	389
523	567
384	850
462	211
967	752
791	415
856	318
802	934
681	810
792	233
92	973
412	733
362	726
1	565
568	699
737	235
581	494
58	286
186	217
797	922
321	678
509	467
659	725
889	225
77	523
144	688
329	377
203	106
421	810
985	159
305	806
864	772
969	924
805	782
336	945
839	265
87	504
437	514
680	816
326	168
720	686
443	677
33	521
323	580
188	627
106	978
442	494
668	363
204	171
227	254
642	524
367	431
245	523
174	877
278	182
118	278
70	651
923	916
468	368
712	678
831	833
975	429
112	844
821	449
479	166
824	324
92	856
233	860
269	741
117	150
189	360
725	919
485	244
981	403
958	796
834	968
261	788
944	909
592	617
531	678
479	356
95	933
74	517
718	500
360	568
782	372
578	543
328	585
706	161
124	443
437	605
316	724
792	405
98	167
346	753
17	834
308	887
286	368
636	843
982	860
85	563
496	995
805	924
644	870
58	131
615	586
74	642
617	262
851	450
961	278
243	255
396	118
437	189
409	771
62	364
676	112
826	642
198	242
797	647
412	675
791	538
350	100
865	909
974	502
612	706
411	280
10	395
396	833
777	877
303	570
491	442
970	420
835	541
20	933
602	612
826	472
844	487
59	343
124	282
338	750
160	687
516	421
419	955
460	699
424	149
861	549
670	928
70	324
796	840
886	372
465	395
868	132
455	763
879	265
765	352
651	732
127	771
654	164
889	275
532	198
149	704
997	278
834	684
670	997
168	856
774	305
870	635
272	125
951	705
762	413
879	363
614	768
283	226
343	441
3	972
866	921
979	213
669	212
874	270
991	599
166	353
132	114
519	537
416	268
326	295
958	146
789	946
377	390
19	594
566	469
465	608
578	391
757	718
591	899
717	334
759	122
828	312
784	253
814	700
942	461
736	230
989	844
133	867
883	270
865	876
740	125
645	812
290	589
123	736
146	449
747	943
149	755
388	937
578	315
889	744
111	667
941	205
479	624
549	185
625	725
375	599
89	225
733	772
674	445
20	465
403	346
460	970
219	288
231	239
315	994
791	603
921	951
59	930
301	198
277	890
709	585
200	893
627	676
877	148
177	777
359	773
261	165
675	461
68	473
785	915
374	700
764	429
694	481
218	763
268	914
886	641
338	849
66	573
226	792
314	764
873	318
919	557
649	481
437	714
108	384
351	748
663	737
653	199
15	847
29	671
485	440
861	386
968	357
913	888
948	762
5	845
111	352
450	457
785	140
248	281
708	873
311	334
169	193
435	538
760	441
509	945
404	848
723	215
891	867
303	576
667	966
701	360
970	312
891	134
75	621
631	122
839	534
810	877
373	519
881	520
722	781
492	629
143	723
272	718
307	150
993	628
331	913
501	296
609	635
449	673
27	886
428	656
509	976
781	770
614	990
600	830
224	757
479	740
533	684
408	666
954	735
659	204
421	482
353	650
763	642
632	893
890	468
108	389
356	816
814	134
911	718
514	805
897	315
291	181
887	292
225	348
202	816
659	340
492	805
773	982
169	542
971	595
332	891
207	387
226	901
266	498
611	819
469	289
390	992
240	682
607	646
511	453
668	370
864	931
317	291
23	624
309	775
974	504
333	712
722	361
518	178
51	150
220	393
497	223
366	197
118	812
570	316
36	565
486	895
791	742
363	845
129	313
26	936
984	187
100	177
707	902
450	980
880	439
51	440
431	579
426	537
751	674
404	124
57	702
369	678
512	464
222	798
203	236
263	375
284	962
389	539
709	257
230	661
204	130
811	536
992	466
992	208
246	667
413	438
21	772
216	271
543	126
432	695
817	728
444	609
585	266
515	219
731	896
442	336
495	468
673	628
775	667
9	344
968	779
846	744
569	322
925	667
121	715
949	899
22	672
132	946
443	890
809	628
258	348
387	687
704	167
541	218
31	737
980	652
583	486
130	382
264	147
129	394
747	935
403	863
90	399
794	493
13	341
95	617
298	443
561	193
898	876
311	323
309	292
384	445
549	492
172	706
254	285
454	552
248	435
558	375
325	868
400	322
151	499
434	591
282	261
112	878
18	487
876	752
457	435
160	181
725	670
92	389
583	567
538	722
272	623
735	598
325	702
224	811
487	439
74	939
696	964
748	580
535	439
305	656
703	718
885	899
152	378
370	373
137	973
151	847
500	991
984	956
675	717
236	288
813	424
345	859
905	811
776	115
297	738
116	423
5	215
245	613
288	137
485	434
757	195
186	834
542	374
842	971
91	806
30	662
508	456
536	550
42	910
561	847
76	928
736	491
808	614
217	554
280	710
235	713
755	919
541	979
67	455
894	639
830	708
77	957
826	181
155	557
117	734
589	536
91	653
554	677
172	731
814	271
656	582
159	343
193	350
508	734
926	158
906	762
961	336
907	840
427	992
12	381
902	639
797	534
66	464
9	243
643	700
97	926
725	285
697	121
57	341
530	566
671	650
64	376
79	288
847	411
346	807
822	898
575	192
813	340
306	573
93	266
291	212
909	723
5	519
647	919
352	612
510	524
196	308
50	673
332	230
946	286
742	739
879	890
897	485
558	743
948	449
297	599
754	163
842	891
487	997
843	775
281	952
144	329
722	850
742	514
883	455
819	560
173	731
202	133
859	161
278	166
425	748
423	178
784	237
138	563
415	734
963	291
524	501
649	683
940	786
269	331
601	119
800	631
433	140
7	367
954	756
871	980
400	992
420	462
877	919
482	424
467	811
240	880
185	689
985	822
871	502
14	100
925	858
462	911
228	786
349	435
384	921
747	863
722	863
899	274
824	898
553	291
157	422
821	687
173	783
168	553
418	232
805	301
618	559
555	621
281	147
902	432
33	359
134	591
6	885
504	927
604	731
44	837
971	621
411	168
702	974
349	437
961	165
93	712
517	337
547	418
95	363
446	500
700	508
850	343
861	141
448	528
907	940
739	381
168	855
846	558
829	532
666	490
727	351
86	459
219	916
944	360
16	667
874	331
421	336
290	591
425	533
320	793
464	373
374	851
412	500
579	117
156	495
678	275
686	930
767	194
998	878
982	635
397	115
733	341
320	127
807	552
831	435
60	731
140	923
577	412
712	846
899	871
933	534
322	668
251	717
149	469
573	709
465	609
72	973
46	304
821	990
429	743
838	872
440	848
922	959
379	517
351	315
825	974
277	221
396	763
485	469
113	874
832	725
411	286
778	847
515	393
917	949
757	625
917	836
517	346
292	373
713	394
154	545
669	143
82	907
665	760
689	693
351	219
305	419
872	479
308	931
817	258
133	956
293	376
689	400
637	281
328	301
158	266
655	926
654	127
222	786
276	779
397	288
492	594
597	977
126	367
180	598
238	737
840	968
686	813
493	461
520	556
204	279
253	894
903	196
39	137
965	178
968	812
118	334
464	581
8	844
869	660
838	461
466	750
264	308
448	162
334	498
271	534
188	765
704	200
833	141
970	447
789	689
399	442
576	731
897	906
212	472
445	506
316	993
642	585
832	589
888	979
97	737
188	254
613	370
867	339
536	300
527	252
114	684
290	895
795	367
561	548
957	940
48	921
756	720
71	271
692	152
709	620
429	274
205	932
492	377
121	129
865	1000
932	786
679	864
606	692
720	899
696	190
793	892
623	126
926	279
715	765
972	164
281	197
660	765
6	963
115	524
359	550
951	506
975	411
513	845
267	271
635	668
281	893
647	845
313	990
516	158
184	572
202	731
668	680
196	805
407	890
438	596
140	226
332	829
613	154
450	152
308	609
455	851
847	725
977	447
236	587
29	244
489	183
803	391
644	792
426	651
994	732
348	966
124	474
413	744
312	261
352	957
296	291
109	109
745	596
749	856
765	315
734	884
259	840
764	601
167	396
214	832
293	582
757	132
936	512
885	881
68	755
948	664
814	119
905	139
700	878
915	780
512	861
787	611
656	129
994	512
271	485
154	222
502	341
89	819
134	823
6	414
954	415
828	321
953	418
983	240
626	430
404	535
839	116
470	186
81	314
951	475
827	241
965	380
414	668
753	981
374	423
781	486
359	942
739	550
181	590
99	200
675	107
263	408
353	801
267	810
355	597
2	575
762	416
559	103
110	939
308	677
937	858
562	851
199	295
665	933
526	891
62	155
690	661
355	889
20	225
512	780
128	793
77	984
369	591
661	408
920	835
202	906
714	471
201	986
322	914
566	240
522	934
959	359
592	796
186	436
440	433
283	605
594	900
771	764
209	631
628	423
86	408
648	582
843	102
950	453
256	661
190	595
285	716
754	685
877	657
435	579
708	408
494	773
280	207
829	907
219	316
79	173
445	200
364	177
84	196
899	916
427	705
477	718
517	873
860	628
154	240
599	838
761	430
867	468
28	374
954	787
662	701
460	491
612	307
448	511
554	637
782	369
723	262
884	932
917	641
895	185
267	432
862	893
836	713
776	233
977	856
937	141
835	896
2	484
767	137
87	670
693	174
674	927
392	432
264	829
122	983
481	889
606	585
153	574
63	336
395	109
459	318
17	904
556	348
454	622
935	848
556	556
473	474
635	362
69	758
256	474
789	591
882	828
195	270
947	238
623	450
939	181
726	812
682	923
411	102
386	771
657	716
115	586
45	220
32	831
465	111
549	906
729	579
813	831
214	150
601	567
411	891
45	404
916	832
340	190
546	242
248	579
995	719
358	827
226	565
667	732
375	205
447	739
217	147
651	180
553	769
230	164
827	480
517	719
351	777
7	793
143	860
459	914
200	968
90	680
634	445
369	840
773	251
441	334
583	155
216	788
991	782
528	657
827	121
474	970
933	397
779	644
705	248
758	760
680	850
422	457
554	424
81	914
29	610
545	827
129	596
533	110
291	199
89	639
632	981
618	808
829	462
700	526
589	492
111	677
515	851
547	810
206	751
458	338
713	472
429	490
421	368
389	350
124	297
269	262
232	216
219	259
980	748
131	100
217	706
477	807
441	738
674	483
328	689
714	694
691	777
364	661
939	586
760	560
108	898
354	515
246	876
943	466
374	552
240	432
483	513
200	778
28	836
676	624
219	861
149	482
902	944
905	811
279	168
26	684
317	625
147	121
852	459
358	791
773	942
813	142
905	140
612	924
48	322
420	971
351	812
454	436
771	361
410	632
600	382
514	453
415	358
875	172
541	350
945	425
685	818
31	423
523	769
487	275
505	273
6	720
745	708
444	646
746	214
625	898
224	983
324	740
369	937
685	604
848	664
277	148
733	916
444	270
562	668
189	744
477	146
971	471
413	115
947	274
913	187
496	806
130	924
125	803
246	883
195	540
10	517
467	402
885	295
437	728
623	244
84	847
848	841
635	294
898	272
427	248
652	589
435	526
528	478
981	817
859	687
196	228
687	653
734	771
639	179
257	480
381	747
574	902
249	984
954	277
444	855
892	311
719	793
405	274
203	682
94	253
676	276
80	237
819	512
101	755
876	388
599	367
626	294
7	808
866	486
10	337
143	997
868	451
568	800
318	412
265	647
178	612
454	660
561	777
705	557
506	312
8	479
606	800
249	785
99	805
207	733
848	492
818	567
176	979
9	450
271	578
741	369
882	563
889	873
562	461
72	501
542	156
666	943
67	683
918	294
20	202
109	326
62	677
398	910
915	217
994	769
499	545
882	937
961	822
44	234
707	341
826	651
123	857
11	639
170	458
687	805
846	256
604	828
383	620
275	528
568	524
391	408
426	348
818	859
408	678
266	348
4	814
399	132
622	441
353	132
352	792
44	440
110	510
823	438
303	550
547	310
18	675
855	874
642	410
763	931
186	198
776	126
692	580
651	612
622	875
92	207
741	991
818	371
849	184
913	879
733	277
609	639
906	578
277	945
776	884
169	305
111	587
446	342
353	947
37	549
198	500
131	978
355	118
386	582
8	267
643	350
231	926
560	732
807	650
801	955
277	429
581	864
322	798
435	862
434	559
539	487
510	781
897	324
136	298
234	516
424	939
454	600
180	474
869	815
185	188
815	401
395	241
718	574
88	806
878	860
621	745
999	417
405	764
378	333
648	486
913	958
928	569
924	672
984	433
631	566
483	475
508	783
917	738
880	686
730	785
210	764
243	945
667	226
721	327
736	816
13	961
775	317
575	231
171	560
827	602
180	806
952	298
147	988
725	287
77	453
590	171
811	240
390	316
604	231
215	717
581	204
778	851
939	111
112	502
492	591
210	823
323	265
507	845
639	119
712	453
366	843
432	465
275	501
13	264
613	548
976	779
38	211
232	965
250	550
371	694
668	273
343	177
143	410
804	173
376	495
753	373
178	684
725	688
322	272
598	108
864	220
211	523
659	714
575	979
640	355
471	161
551	229
698	648
895	308
634	579
180	441
696	577
416	564
153	412
970	551
424	231
563	597
300	381
529	650
256	706
326	852
310	286
812	605
99	954
251	509
910	634
16	275
247	453
689	363
171	538
176	329
991	912
556	441
951	545
458	551
815	385
816	109
129	188
416	751
152	382
853	190
824	704
434	664
161	350
882	503
699	248
360	975
613	318
885	809
361	311
335	426
857	772
596	918
508	337
36	817
27	763
189	584
402	216
187	934
344	760
749	639
975	627
261	898
777	999
329	189
138	951
403	332
588	410
463	879
182	648
953	639
952	414
538	580
464	501
85	509
786	351
894	599
914	809
897	739
56	283
960	463
20	295
966	600
588	677
321	253
109	942
247	761
970	729
981	265
394	111
744	775
557	700
552	899
481	582
738	497
395	658
884	357
782	921
348	559
304	188
967	903
975	866
210	905
801	879
624	686
927	844
625	733
345	778
391	353
979	192
227	853
206	360
384	131
200	250
19	206
218	357
379	851
141	784
270	598
888	193
479	247
356	853
255	350
48	296
817	109
748	735
775	254
433	706
324	117
768	201
376	234
207	655
917	477
30	110
711	438
748	311
336	789
616	204
975	293
21	224
959	328
114	282
526	325
243	758
710	504
519	478
43	812
854	287
35	356
338	720
877	198
610	648
937	310
362	414
176	413
390	902
893	404
922	161
878	756
440	632
471	899
115	632
16	913
287	460
676	245
851	821
641	805
311	745
965	513
860	941
272	402
847	253
406	966
47	902
64	833
52	351
413	886
661	347
503	709
99	708
401	781
986	616
193	632
222	259
703	640
50	713
377	494
45	613
583	305
389	994
750	371
783	335
286	284
150	976
307	635
303	164
243	645
945	307
970	231
406	584
694	831
489	986
571	793
955	607
105	856
797	651
254	324
957	387
423	353
194	964
201	237
42	199
402	924
933	283
879	877
54	993
785	518
520	924
846	648
473	744
342	985
548	845
961	1000
948	897
835	253
200	572
450	963
833	218
221	421
856	391
721	385
98	625
489	965
62	546
17	668
492	129
867	114
625	200
409	542
946	585
523	157
905	986
961	866
126	707
487	878
589	980
103	287
317	616
812	821
610	596
478	132
503	792
13	393
200	936
7	918
206	632
419	596
461	986
93	263
228	610
425	370
535	659
83	997
512	471
424	811
526	941
345	259
233	249
460	981
131	708
699	508
206	250
665	856
557	290
786	753
803	751
727	255
482	444
160	459
302	790
294	864
868	741
335	869
936	157
593	310
372	469
6	927
187	325
590	224
925	443
517	557
10	388
518	937
234	332
138	479
268	489
195	178
109	100
259	291
935	729
360	172
487	232
980	440
145	561
190	502
962	851
418	621
146	478
122	508
407	113
563	737
623	338
253	938
987	826
678	220
695	515
828	946
298	144
821	596
88	190
847	795
288	170
549	364
117	919
201	216
446	544
102	144
324	682
42	764
29	417
845	165
987	619
540	228
745	915
197	366
680	729
775	830
252	951
966	243
168	945
76	282
710	909
22	426
987	644
280	544
404	761
620	320
542	422
807	328
177	332
62	457
563	470
264	525
274	865
713	532
896	672
353	335
357	517
348	661
300	850
636	838
306	186
15	760
974	681
982	955
189	239
441	433
283	489
498	708
106	631
519	433
999	283
739	127
821	292
926	166
115	670
580	461
904	660
248	547
890	291
99	866
288	655
813	620
287	831
181	371
247	810
174	142
972	183
824	708
359	908
731	278
592	267
252	721
397	689
797	325
615	371
602	780
195	224
355	318
461	208
963	719
734	556
464	904
23	274
859	141
519	152
261	847
582	640
768	448
755	958
359	444
523	242
95	647
715	934
732	209
804	607
786	659
732	664
935	959
607	676
860	712
987	761
60	901
963	304
271	144
859	509
984	127
230	464
593	740
524	966
972	627
428	891
307	191
21	469
761	625
608	404
149	155
980	550
399	499
557	301
993	673
258	340
195	415
403	856
143	718
51	156
981	964
162	721
850	135
84	579
451	306
632	438
72	269
328	700
247	922
378	931
840	475
694	875
825	744
839	801
801	383
648	133
1	663
387	723
488	939
244	471
425	999
910	171
243	720
710	476
796	632
582	289
765	786
247	444
691	838
234	541
170	191
970	108
451	607
263	293
50	833
198	459
59	930
403	617
623	882
73	437
67	153
87	533
541	951
253	774
612	614
550	773
680	710
861	763
306	972
125	794
955	919
594	405
33	453
834	391
53	726
563	324
907	442
209	937
466	906
303	294
430	968
284	602
887	747
35	173
466	482
773	362
334	508
752	697
412	789
985	569
28	899
473	923
480	702
949	124
275	213
841	258
45	364
134	607
3	138
292	802
307	849
494	518
351	742
875	558
838	836
79	332
255	696
867	728
291	560
178	910
586	213
233	751
102	903
513	926
558	213
866	630
313	405
861	219
195	270
895	681
556	342
193	948
687	154
415	129
305	257
216	188
511	902
728	989
973	122
503	440
567	618
629	458
465	634
789	525
91	362
861	821
841	484
927	366
672	290
730	393
920	545
18	963
237	101
618	701
87	138
87	838
583	705
441	943
903	629
502	936
871	196
376	383
511	572
660	503
700	983
210	825
901	882
557	437
654	699
440	401
293	642
912	618
622	727
908	195
362	517
39	382
229	838
804	501
707	358
931	773
9	159
283	232
513	518
827	162
869	636
825	454
679	453
372	734
193	499
799	234
837	108
994	989
416	642
854	943
949	717
582	540
531	628
720	577
813	364
149	220
676	848
772	316
808	608
654	937
581	146
1	252
706	330
340	327
724	721
810	534
971	122
402	168
255	677
47	179
945	844
449	430
703	755
505	496
346	113
17	707
516	816
907	830
935	646
217	863
774	766
156	709
732	676
241	417
688	137
252	224
648	374
905	448
803	239
589	617
49	218
416	147
896	546
318	619
699	697
535	478
690	328
922	571
533	435
582	939
293	654
178	633
708	893
988	896
233	455
204	351
130	418
802	945
12	585
883	945
907	347
237	382
180	184
619	595
789	468
367	801
999	341
771	207
531	683
547	782
20	896
410	857
643	945
954	222
178	838
374	849
671	491
905	534
820	126
206	773
261	264
470	642
389	479
404	282
799	586
577	958
237	963
861	951
298	455
932	850
821	709
742	783
247	127
223	653
838	855
83	523
791	371
672	991
377	888
977	309
580	800
492	733
28	895
157	612
230	817
745	883
346	748
135	175
181	964
638	853
775	416
82	575
4	973
407	804
598	834
229	577
544	996
665	589
179	853
709	244
870	859
431	579
986	620
921	607
145	480
420	317
154	714
647	291
878	160
639	215
929	984
495	691
776	153
947	752
419	964
267	766
866	476
23	823
183	309
677	806
477	996
554	861
668	348
633	925
245	112
226	746
928	561
280	681
820	722
877	463
795	428
53	134
985	312
595	191
719	622
364	308
348	687
848	576
657	904
631	591
113	830
834	750
493	474
492	617
61	717
578	473
323	613
917	372
379	829
874	526
55	516
136	653
66	656
837	259
997	773
332	491
878	500
371	481
843	603
734	922
664	941
109	474
103	133
165	825
914	636
542	429
979	632
742	677
990	688
175	318
921	266
212	415
955	579
518	574
792	968
452	891
89	181
212	240
197	777
159	560
154	220
546	328
883	869
136	461
987	140
268	493
6	817
790	292
344	919
196	437
158	811
90	578
225	191
10	842
139	649
874	985
80	290
865	118
696	887
103	281
170	147
153	189
236	743
429	988
214	656
57	555
377	134
605	225
863	659
338	203
918	498
697	801
178	102
721	383
510	910
443	911
733	801
584	439
527	385
783	805
423	251
665	693
739	362
661	627
341	516
730	274
764	262
173	417
920	740
589	189
425	576
828	635
625	567
563	975
901	889
559	226
832	481
843	230
697	260
94	881
455	459
423	478
88	400
25	529
43	302
47	499
707	815
920	703
393	526
402	219
934	169
409	512
579	958
22	511
147	552
679	743
899	785
344	807
580	970
555	177
489	450
381	277
743	871
456	403
450	875
298	597
260	453
638	344
838	664
463	623
988	876
293	103
381	619
318	402
646	416
640	209
120	672
733	896
539	999
848	227
113	684
895	714
999	865
422	737
984	152
669	401
758	380
7	962
481	255
400	535
149	733
100	510
230	526
470	465
396	645
338	430
666	689
104	232
856	182
799	799
889	827
418	218
320	953
416	162
106	592
591	446
594	811
575	783
745	836
488	546
717	199
185	979
887	559
524	334
24	354
607	220
761	470
900	339
722	601
631	481
595	810
157	296
285	201
666	271
849	917
640	242
188	642
844	695
433	570
864	765
310	847
17	619
733	874
311	377
476	749
196	490
147	874
136	829
771	997
214	328
322	162
839	255
869	297
138	929
532	291
2	336
641	353
833	609
864	686
632	969
916	829
750	907
248	780
638	111
510	515
108	266
467	176
547	174
55	1000
547	767
260	433
254	588
100	252
657	906
72	156
821	322
437	460
281	156
198	149
481	129
835	470
775	137
437	762
549	744
200	666
401	881
725	634
815	853
580	643
12	347
132	165
942	139
351	632
394	940
978	965
608	293
648	855
875	483
757	656
691	417
35	473
240	376
702	690
484	554
752	574
483	628
237	724
47	561
581	442
275	482
295	632
465	533
94	575
608	558
761	372
429	171
469	535
751	870
299	365
556	302
250	730
442	340
170	673
897	465
567	333
897	631
306	481
847	568
45	250
72	187
773	574
436	218
268	448
443	251
356	740
427	598
91	687
544	328
597	728
235	710
436	109
87	643
582	816
346	897
468	570
212	198
314	991
182	319
401	261
827	533
876	984
754	680
937	657
96	255
498	775
422	939
784	165
643	308
422	409
340	628
64	214
634	470
626	308
533	418
610	261
675	352
116	762
613	815
196	243
333	432
291	712
822	998
420	835
417	734
467	517
253	796
791	301
922	842
968	498
269	402
89	997
354	727
752	792
893	756
816	317
39	387
83	378
480	771
455	661
863	298
388	368
650	102
975	810
380	706
851	211
861	505
520	829
457	791
663	634
184	232
683	842
651	932
901	617
650	762
103	177
337	148
729	353
506	122
534	492
742	758
892	203
834	598
317	458
952	554
641	794
23	345
465	906
60	671
584	780
774	911
904	719
700	929
969	332
422	303
412	126
499	326
679	799
684	973
758	708
632	740
190	436
392	855
243	172
97	166
519	662
285	180
126	341
461	994
607	720
503	308
686	875
106	372
415	442
821	182
296	652
155	118
128	555
189	219
868	258
475	410
718	229
947	265
750	848
772	370
632	936
393	814
513	678
833	786
674	185
712	766
750	723
636	745
401	944
641	651
866	661
655	191
298	239
101	250
699	419
121	434
865	238
956	985
797	901
386	810
281	592
450	946
892	278
241	721
777	813
147	286
242	400
111	291
492	219
338	639
187	280
183	508
858	817
933	182
360	491
334	489
871	282
128	992
312	446
845	798
297	650
554	992
425	474
46	244
963	326
942	267
741	811
292	624
150	681
98	572
708	619
690	967
324	1000
115	516
319	102
32	270
107	299
791	465
534	460
59	450
459	847
234	600
878	535
966	703
219	491
971	978
796	842
893	241
954	825
727	827
261	722
524	814
223	921
821	242
359	748
752	332
837	266
167	617
275	467
544	391
741	577
771	444
400	162
722	903
711	733
351	595
123	249
844	878
558	742
956	264
911	800
331	373
773	238
413	147
842	100
525	647
482	902
40	207
827	452
203	522
325	887
654	141
908	310
665	730
804	548
842	665
107	788
757	315
840	584
80	592
125	412
965	232
552	515
69	567
202	455
200	690
746	672
571	439
190	196
389	221
14	513
405	606
849	269
222	375
635	743
781	229
875	971
632	906
389	920
784	732
453	670
269	947
451	577
663	128
574	138
470	461
909	701
398	437
19	393
875	446
986	199
123	486
773	785
150	740
262	848
652	825
540	376
250	645
259	337
644	709
455	451
437	351
537	919
507	858
110	842
324	374
415	340
154	976
726	393
372	271
855	598
962	639
140	987
246	688
479	292
887	857
539	316
657	157
287	516
633	876
802	437
134	546
447	134
210	272
789	488
60	771
311	349
25	874
298	433
943	915
482	753
939	912
22	640
330	629
966	530
995	541
214	116
710	617
596	490
703	215
249	884
196	328
289	422
848	891
341	913
503	852
949	329
409	717
321	345
983	810
874	318
853	220
2	289
413	246
214	326
748	598
521	823
563	733
84	506
219	701
167	236
825	507
235	737
663	901
817	992
340	408
736	872
697	545
6	919
600	495
749	757
158	544
878	168
925	705
863	709
35	281
963	853
413	176
1000	180
781	264
636	495
801	580
285	334
704	950
382	848
267	563
989	731
349	922
543	879
424	814
567	376
378	730
91	447
552	377
243	845
149	991
692	649
63	460
971	300
19	951
917	824
384	135
801	835
620	598
63	553
946	308
669	875
298	706
430	266
920	266
153	373
593	623
875	640
352	292
545	525
213	733
191	881
668	370
273	318
666	381
745	471
169	524
818	227
969	442
923	769
413	764
792	899
126	434
381	556
902	335
449	810
755	343
771	500
272	809
390	879
111	640
46	273
617	397
784	662
981	903
765	440
415	624
559	709
309	765
725	610
48	276
714	111
348	415
548	821
397	235
249	605
387	117
506	431
428	122
138	858
104	784
643	850
408	905
137	814
183	867
389	506
999	697
995	880
60	621
352	327
411	932
232	796
31	595
183	136
14	150
498	839
14	216
494	785
999	451
549	507
425	776
205	535
126	340
530	644
327	510
821	619
29	457
260	947
74	884
124	648
554	833
552	538
958	255
600	696
173	638
369	116
113	684
51	802
136	937
554	512
484	762
182	333
764	115
897	882
514	677
240	864
81	994
938	285
232	238
76	908
233	661
629	969
757	123
383	261
867	249
209	456
672	231
649	621
742	285
891	517
238	261
680	267
164	270
605	733
518	599
312	848
503	480
254	239
3	975
382	524
575	460
991	502
169	879
626	743
780	911
41	832
459	562
249	279
363	406
988	838
445	815
762	453
956	447
757	645
700	628
36	515
528	255
533	538
128	622
358	646
236	808
156	196
132	408
288	274
590	405
301	882
687	110
78	669
666	326
958	264
842	489
524	402
536	220
922	931
660	285
807	758
135	349
18	953