10000
1000
812	969
239	813
23	480
55	113
707	722
822	645
952	337
273	304
654	445
517	358
318	890
841	864
481	896
416	648
344	367
371	829
15	983
343	353
509	658
304	208
116	355
614	995
419	449
718	973
407	707
327	658
877	975
725	707
563	979
513	444
95	610
21	336
869	129
171	575
372	325
70	811
719	726
178	172
382	543
79	161
734	718
483	564
24	436
139	590
678	676
371	896
230	160
972	493
725	724
928	417
473	758
15	949
292	303
276	659
646	546
962	718
522	371
105	752
159	711
91	795
690	396
305	681
162	804
740	669
507	183
316	719
157	710
701	117
704	536
269	258
185	729
103	921
402	453
303	997
502	145
636	263
971	505
159	657
913	345
830	170
427	351
986	561
597	154
721	895
88	339
472	471
640	284
823	254
338	341
814	918
947	197
222	766
548	518
310	600
311	326
767	604
797	655
296	133
459	400
409	839
472	629
638	273
37	111
881	137
281	580
515	759
105	538
108	708
528	488
56	175
588	933
539	885
575	596
530	603
460	952
896	734
67	839
768	672
536	559
958	608
294	852
827	884
246	120
77	443
556	400
972	717
747	231
268	930
666	926
824	390
482	305
12	965
364	812
523	705
444	674
902	785
414	322
581	310
305	783
857	870
310	696
374	126
111	461
195	801
367	383
366	252
992	794
387	706
669	487
203	703
23	901
7	660
847	466
217	387
770	623
20	398
311	383
713	381
736	266
345	645
442	357
956	686
369	848
682	569
585	695
73	562
700	137
811	280
660	141
457	734
140	735
871	692
728	583
53	226
530	655
676	734
654	984
775	359
884	953
906	482
999	177
515	844
468	792
927	400
647	189
186	703
264	941
634	976
388	765
220	207
600	553
957	385
486	988
545	381
597	411
328	637
376	461
407	439
779	798
524	310
198	385
402	318
764	120
460	126
756	812
500	121
422	658
616	568
989	959
808	481
779	698
632	510
720	732
812	339
527	941
448	267
547	734
932	821
672	544
905	555
185	772
553	205
41	591
781	130
775	483
849	527
262	125
514	236
439	979
441	606
283	765
351	460
734	100
32	165
806	231
22	394
237	108
703	259
19	885
554	196
609	995
335	894
578	141
360	474
298	144
407	354
417	621
145	277
296	371
210	450
800	449
723	762
856	307
209	971
495	321
14	546
475	119
579	315
761	732
199	150
187	499
274	346
968	290
789	938
309	389
550	328
759	249
871	338
45	475
777	984
836	615
638	421
384	954
970	343
116	587
5	534
322	919
537	929
296	545
853	569
300	718
370	853
473	129
176	146
414	265
831	423
695	146
178	867
522	875
309	551
800	590
147	529
584	716
110	635
628	639
898	520
708	863
240	509
341	464
959	724
826	820
519	885
652	385
472	741
840	516
361	832
443	195
609	687
650	318
714	360
728	135
683	597
633	274
269	183
664	984
181	228
261	508
799	666
226	844
602	213
830	427
476	554
324	321
919	967
62	204
405	996
776	597
638	213
646	331
889	180
147	502
333	586
597	751
104	689
12	484
773	161
298	985
251	381
394	994
977	248
876	771
529	881
218	607
937	815
624	172
203	944
887	420
490	675
428	239
56	168
814	339
271	901
206	972
229	736
861	253
700	254
889	456
668	551
599	914
673	166
966	780
840	851
922	982
132	401
870	452
62	308
932	668
935	240
871	890
807	919
979	938
396	148
904	906
866	190
550	793
507	475
305	320
455	361
304	827
670	658
570	658
557	579
152	988
809	760
628	595
780	923
11	380
684	901
730	652
293	913
942	348
279	341
425	335
406	736
249	169
33	918
202	703
405	495
449	408
707	516
848	351
379	166
217	537
987	970
579	486
351	784
13	539
977	533
359	182
561	935
582	562
337	236
428	177
812	887
286	249
371	574
294	636
319	667
33	313
170	554
505	243
737	389
324	604
741	471
65	917
963	482
542	269
665	141
193	830
490	736
613	773
950	371
301	646
904	908
366	513
62	600
265	790
82	611
986	951
605	719
971	438
992	643
760	666
309	473
822	439
191	449
421	358
909	747
540	559
15	942
800	101
973	325
551	415
710	950
813	520
207	849
350	816
518	697
992	554
113	976
307	985
473	460
122	935
116	621
139	686
788	547
717	181
385	130
464	116
856	803
692	797
322	854
681	224
263	419
84	113
947	514
456	773
775	321
342	985
517	145
84	430
658	140
746	484
558	205
721	146
148	534
512	880
929	138
214	345
770	958
172	884
803	756
539	157
504	637
474	133
821	385
156	700
537	346
425	868
604	629
516	992
571	182
67	958
206	200
365	502
260	905
736	524
607	188
854	533
810	885
56	824
256	245
9	588
178	962
671	753
652	923
405	692
110	335
855	824
328	594
983	837
271	274
841	929
587	146
801	354
151	764
579	414
814	557
524	202
185	829
177	621
489	467
89	288
332	834
72	979
49	465
641	197
67	593
405	552
325	369
459	457
440	133
615	316
287	719
951	264
933	112
259	204
106	177
143	257
882	484
664	567
537	511
721	815
513	911
97	590
767	137
204	278
700	186
206	579
402	144
899	252
994	960
812	587
336	440
861	469
772	598
597	972
403	893
959	693
766	915
830	201
129	178
474	225
127	169
447	770
540	332
440	527
481	731
368	352
60	803
670	695
829	518
692	533
79	438
341	341
77	637
456	354
714	362
456	773
19	185
312	306
214	453
933	758
502	166
849	319
811	587
755	621
654	724
118	433
258	748
243	238
858	193
134	317
47	531
695	359
574	712
123	608
570	259
765	772
946	898
689	117
170	243
934	192
372	685
719	300
20	286
302	551
937	409
648	406
671	424
218	243
315	804
16	924
27	262
301	388
939	296
388	858
871	846
571	277
843	132
63	431
486	867
465	426
553	768
750	969
507	398
143	239
656	582
171	707
38	786
284	328
806	959
296	377
53	162
17	463
175	369
312	261
226	677
655	482
970	334
533	991
76	503
295	626
706	528
831	416
717	650
731	681
431	536
331	739
641	551
312	101
407	768
911	688
278	388
6	269
239	999
831	611
492	654
296	815
858	998
847	595
250	266
228	470
391	352
971	922
333	246
329	627
290	648
560	950
886	941
395	440
593	776
33	600
98	273
30	294
463	516
675	823
14	879
186	389
358	949
229	253
251	398
437	660
950	791
326	746
220	132
41	649
612	618
478	104
220	453
243	885
185	991
401	451
943	525
715	165
970	236
942	123
363	685
633	683
675	602
715	834
439	784
725	899
662	801
839	249
341	221
251	105
352	996
701	844
231	524
713	146
368	272
550	642
931	890
845	861
693	169
738	638
364	308
612	943
515	139
111	749
212	554
199	763
979	888
267	564
617	442
218	817
659	122
707	983
793	285
926	839
984	506
541	765
866	801
671	637
317	415
197	283
195	566
951	619
646	595
821	794
957	604
533	409
211	937
720	553
142	358
521	447
518	687
77	289
342	273
802	566
785	428
236	840
401	274
986	923
672	612
601	760
140	112
183	591
16	388
423	677
343	150
543	924
472	359
799	266
564	525
211	714
487	194
936	723
310	730
91	981
889	639
643	357
491	965
186	138
482	792
748	576
112	529
98	585
494	598
396	361
138	298
479	630
141	232
581	892
830	714
10	864
240	786
768	102
289	944
925	436
101	926
197	363
931	492
538	189
703	140
189	231
942	274
37	379
895	782
493	349
331	496
627	389
810	542
708	896
98	663
739	407
937	269
646	769
878	500
923	870
816	250
333	379
686	113
506	960
57	764
178	508
182	127
313	431
5	684
660	786
32	142
785	964
995	414
952	302
766	224
866	428
120	902
877	289
203	386
801	108
704	740
389	661
748	211
660	240
168	463
761	735
840	606
517	144
842	574
52	959
509	376
327	273
526	482
441	261
583	983
376	102
709	723
213	903
705	823
884	709
357	135
484	175
246	118
822	148
777	351
876	852
780	949
999	684
945	582
615	456
178	170
319	566
743	730
246	971
491	675
954	182
216	301
12	859
861	779
252	768
917	593
265	622
461	859
485	953
16	331
763	683
764	648
934	306
138	595
249	268
955	608
387	702
858	622
166	143
863	463
571	246
849	578
770	773
30	536
54	781
358	781
222	168
675	188
784	272
1000	126
513	517
907	154
398	791
898	489
159	806
383	905
557	740
94	387
962	234
220	219
703	118
193	359
576	319
318	707
329	347
487	182
6	443
159	862
99	213
927	580
63	500
556	700
887	161
854	410
842	600
138	914
933	521
262	581
796	591
352	603
606	364
768	454
499	601
219	295
789	880
341	898
757	584
359	133
348	711
161	855
26	454
978	174
357	932
956	877
247	477
887	580
315	135
796	813
55	131
472	471
46	229
380	305
320	497
253	225
672	952
779	559
65	838
804	874
519	310
161	305
450	212
807	563
32	390
747	641
648	563
120	885
695	325
567	249
64	732
705	219
488	472
379	578
529	172
978	934
495	912
216	585
84	898
809	179
117	994
281	473
841	436
431	822
350	445
514	581
794	131
608	883
529	740
862	846
596	541
150	844
92	813
981	658
786	500
806	149
597	975
623	278
832	492
198	246
230	666
488	326
542	578
322	317
817	288
485	990
14	290
813	604
712	915
837	328
65	457
266	970
784	405
868	176
847	808
814	866
427	796
188	150
644	604
237	519
694	568
199	236
89	500
777	276
458	151
984	842
574	1000
405	122
577	169
447	981
165	344
265	837
560	963
902	776
804	737
536	860
684	117
727	100
615	131
552	281
117	434
638	919
1	860
620	420
897	491
201	464
819	148
167	275
259	259
768	535
108	363
709	370
393	298
844	450
665	543
606	515
541	565
987	663
208	185
838	286
184	648
394	631
451	655
16	466
619	488
764	652
434	713
490	972
82	755
4	797
827	964
559	890
136	693
29	421
733	395
316	244
410	162
438	878
629	105
595	643
613	846
731	110
151	782
383	993
674	561
79	103
18	643
729	117
218	422
216	807
423	191
484	467
377	261
823	319
510	158
336	387
664	412
857	520
994	970
82	840
98	438
990	897
716	937
593	714
496	581
257	547
272	470
417	173
464	670
508	935
976	622
619	888
854	494
595	652
510	116
581	771
544	736
404	910
682	855
381	894
929	891
761	799
432	225
170	709
488	807
911	474
410	591
198	507
358	548
452	417
472	684
51	301
474	990
384	515
320	963
448	494
653	240
957	555
65	597
813	567
832	102
262	105
958	786
796	754
267	153
607	202
787	765
203	191
600	555
717	154
82	699
731	421
388	615
559	722
985	377
578	944
666	437
142	356
733	764
313	227
551	977
292	224
949	541
871	310
156	767
149	515
744	737
330	791
652	126
382	608
249	203
552	329
864	570
164	991
410	303
891	595
23	565
542	936
805	195
49	797
20	500
787	272
326	490
965	525
192	647
400	938
340	876
223	900
168	458
461	475
473	445
1000	925
3	845
995	305
318	729
832	932
599	709
362	468
733	383
582	976
67	264
768	473
111	779
360	851
244	635
34	946
468	404
10	889
141	610
397	616
922	993
19	792
386	270
912	462
614	227
44	289
746	573
15	171
506	970
655	383
516	640
273	222
963	860
35	599
686	199
801	482
985	520
375	883
233	921
655	296
617	879
625	424
488	844
593	380
497	792
96	132
141	317
171	141
769	276
49	136
691	110
804	246
155	569
981	505
969	730
479	195
652	197
591	469
426	889
684	951
297	413
365	762
595	813
231	879
476	904
702	500
125	888
703	930
788	852
798	657
245	731
83	692
147	748
592	992
725	120
977	496
530	690
580	924
714	374
146	163
707	768
902	368
717	234
895	683
426	105
995	995
498	464
58	985
934	670
213	962
30	794
207	174
97	544
12	557
629	527
118	895
713	261
162	642
206	465
353	316
531	682
95	771
653	335
398	551
962	734
974	573
279	231
956	491
313	942
645	704
838	241
219	726
437	609
282	357
268	955
961	268
593	238
277	436
532	939
871	377
994	201
528	683
511	603
11	510
748	205
250	675
677	851
948	883
831	810
485	918
711	238
354	807
600	913
791	934
880	776
203	476
141	600
204	318
922	368
963	246
166	276
902	668
593	371
642	276
326	869
63	991
81	722
668	322
701	283
449	726
197	368
559	263
968	361
440	785
485	369
377	954
759	512
477	790
626	325
936	713
817	841
497	256
986	684
878	461
738	986
904	567
267	470
242	636
416	512
300	445
130	503
908	783
261	297
172	230
853	616
907	637
674	545
647	337
107	466
852	617
36	552
91	816
373	519
375	712
110	582
7	729
658	291
410	683
671	523
346	570
709	386
17	915
398	806
853	960
338	195
993	649
277	765
5	610
686	784
82	863
821	120
453	300
938	849
181	533
168	679
11	481
362	799
457	264
781	411
223	791
529	992
439	187
709	477
235	437
960	913
985	191
960	786
481	608
200	897
214	271
298	203
961	461
40	714
904	522
614	662
908	708
635	419
881	743
178	646
138	737
740	828
814	896
411	495
217	105
549	270
583	438
408	841
426	927
597	717
899	312
809	286
808	718
179	948
954	307
983	405
677	894
319	482
658	422
88	621
562	896
532	511
508	613
163	298
164	682
189	869
724	152
422	840
657	522
687	866
613	842
747	116
877	278
120	636
986	955
476	991
60	471
591	516
236	447
639	999
186	797
996	409
124	292
405	840
811	915
350	913
850	668
969	443
420	319
960	880
203	405
195	838
705	366
890	332
58	139
299	170
289	916
673	117
762	531
602	611
373	995
974	603
133	250
939	384
2	578
645	647
372	791
690	653
575	440
881	842
18	589
273	354
56	437
184	155
740	151
435	130
519	926
709	356
395	948
193	808
828	111
721	373
558	537
383	431
83	520
562	322
64	979
440	534
84	749
758	698
188	304
466	502
639	778
976	398
657	263
131	740
539	949
954	213
653	526
975	922
634	754
509	273
182	521
391	739
866	740
720	170
960	581
691	708
8	145
222	813
694	802
195	960
953	594
296	318
482	712
515	839
205	447
324	366
582	619
175	441
821	408
716	570
988	538
345	522
158	722
609	546
274	189
935	406
421	714
470	834
177	156
774	177
370	101
769	543
788	266
721	705
358	227
27	258
315	862
754	118
517	204
517	143
906	814
877	702
249	549
632	332
179	917
81	495
562	665
232	797
102	344
334	216
703	657
434	497
71	124
345	809
256	417
56	269
368	366
663	541
853	192
565	171
470	151
967	310
167	156
192	782
477	750
887	760
520	494
799	899
406	835
29	632
559	720
779	559
457	583
981	732
567	681
655	665
356	717
6	738
992	429
605	787
232	661
863	282
128	702
227	721
965	423
599	888
46	176
388	959
741	848
362	396
112	578
116	338
820	405
511	332
358	448
232	509
174	189
361	755
288	546
675	341
708	951
100	942
966	565
378	950
705	156
541	956
260	361
371	324
722	976
407	233
320	246
193	696
224	279
38	798
93	905
12	283
915	467
557	932
507	555
599	371
328	281
683	775
189	502
567	480
452	145
810	777
341	566
549	944
892	691
650	391
909	271
813	635
414	821
18	556
367	833
912	237
779	438
13	158
152	758
548	776
18	797
73	904
492	348
711	994
133	135
883	302
63	497
724	738
925	464
937	554
657	258
169	532
455	904
883	908
488	197
109	177
503	537
626	705
732	650
53	461
711	922
825	111
204	678
684	981
483	587
909	907
940	362
311	354
322	104
414	259
383	827
991	938
728	749
670	116
133	924
123	779
79	279
663	106
836	780
507	233
249	954
316	603
307	111
616	691
355	676
285	654
546	422
377	474
690	462
22	698
904	925
130	804
268	627
313	418
462	794
972	103
408	353
919	500
845	230
977	512
916	372
919	873
517	171
722	498
11	271
796	112
684	751
946	822
925	438
66	182
772	575
291	348
557	671
728	207
391	833
597	142
622	664
876	181
930	988
4	258
60	134
252	646
302	135
955	803
572	121
400	659
195	581
71	950
34	428
201	255
339	208
769	329
480	736
742	308
336	976
670	514
763	816
710	377
322	847
994	547
172	269
428	531
459	867
751	563
866	765
918	992
358	631
531	112
991	440
821	155
255	633
75	497
163	843
857	434
129	782
634	482
633	451
828	212
273	965
254	305
696	981
631	782
270	210
15	417
558	481
933	202
499	953
71	859
172	242
279	380
42	365
978	422
420	136
293	314
7	708
714	505
825	808
652	265
565	950
573	720
582	827
681	380
332	560
682	820
110	525
453	300
730	646
630	817
157	223
392	634
825	307
377	792
754	938
642	145
780	597
104	388
412	877
893	397
354	461
165	479
134	709
362	627
9	982
442	135
746	974
933	394
536	140
514	329
244	687
742	532
337	739
405	786
517	918
113	223
679	953
688	597
800	200
147	999
342	176
294	171
447	858
371	221
632	121
768	781
88	585
133	880
655	851
407	768
927	437
709	733
504	239
18	674
438	595
378	749
877	571
4	178
722	433
997	159
661	438
102	495
479	736
649	632
375	570
673	361
120	211
758	298
814	998
328	171
821	311
345	761
643	501
696	217
730	838
543	583
657	284
628	235
674	417
16	802
603	135
358	584
921	340
764	690
324	655
106	443
657	481
477	498
831	354
493	901
964	226
722	203
199	406
994	135
484	874
154	931
295	831
277	697
591	964
782	661
734	680
933	889
281	571
980	712
796	961
856	992
953	876
339	296
869	787
209	994
326	858
420	817
772	302
767	273
100	672
577	602
172	970
74	739
471	271
372	572
468	555
578	584
764	869
392	193
383	230
372	990
163	995
86	624
220	508
838	941
215	405
468	198
196	852
647	557
418	381
376	247
751	349
299	403
517	485
976	159
632	580
425	975
678	205
328	770
204	567
859	842
797	624
381	528
11	955
368	206
321	766
796	298
280	320
206	529
499	141
425	483
783	476
985	444
724	298
692	448
753	333
430	206
207	225
569	152
521	569
108	808
930	647
434	201
401	618
452	825
365	858
620	615
403	257
708	690
714	250
531	570
216	248
730	358
785	136
480	679
742	156
418	648
230	268
76	568
802	401
955	258
297	902
465	754
69	679
597	555
93	196
338	819
114	221
384	225
96	209
242	384
715	518
690	185
279	929
776	829
387	196
846	334
181	937
469	289
690	494
209	118
102	360
746	616
322	426
376	375
386	447
56	867
863	373
51	431
669	311
570	894
965	158
642	627
9	560
501	547
110	200
497	995
72	938
999	795
12	311
633	796
139	908
200	646
573	518
239	460
472	838
63	840
891	899
487	322
756	121
675	609
644	691
942	120
616	354
537	653
760	344
985	399
199	137
464	700
926	724
237	433
328	219
440	917
592	258
818	338
736	351
763	754
45	692
684	802
246	597
686	635
104	807
870	137
408	219
686	968
888	169
550	208
300	435
349	451
104	855
558	906
732	419
742	585
316	437
906	275
813	320
650	446
828	663
888	409
337	193
102	902
945	230
825	310
913	593
665	581
887	370
581	220
31	727
217	319
277	523
822	308
167	756
752	518
184	699
82	801
37	282
882	537
368	200
389	662
89	747
783	301
702	471
218	116
973	277
966	799
606	320
1	176
647	833
443	988
160	905
779	123
466	446
682	760
814	566
173	756
989	448
243	933
721	691
458	696
560	884
674	434
721	202
60	136
877	372
491	815
581	885
347	808
805	848
776	732
521	903
908	576
274	138
393	906
212	768
28	808
250	689
593	646
300	290
112	392
649	689
80	691
749	677
365	230
105	390
432	602
939	969
511	315
53	997
934	840
462	907
166	160
326	110
677	541
95	404
523	319
438	815
828	588
872	466
653	961
798	269
159	359
359	971
382	625
462	867
51	470
927	310
301	513
125	201
904	285
717	211
448	979
509	611
158	310
478	499
179	554
743	891
705	765
987	234
81	989
22	307
892	759
117	366
40	881
245	367
329	342
93	736
376	290
130	907
909	834
743	122
304	864
715	483
559	176
932	355
264	613
176	225
848	766
534	382
290	114
950	199
124	580
68	622
768	113
233	247
133	216
330	530
763	378
622	724
484	581
94	655
200	200
588	609
581	123
767	630
674	938
671	574
110	544
121	976
303	185
819	844
501	947
674	685
921	430
753	920
604	832
558	104
290	657
180	156
450	584
984	842
371	387
113	238
560	543
404	677
275	132
206	194
833	756
717	199
171	281
662	652
375	274
624	482
23	476
224	547
272	253
711	578
773	534
525	299
975	215
827	314
663	569
812	835
508	159
135	524
204	451
782	248
385	229
469	939
638	260
398	115
283	437
137	553
483	212
492	489
993	878
748	579
398	986
727	509
837	109
714	260
472	819
864	770
758	478
567	856
114	740
524	124
573	836
246	969
487	776
294	352
812	484
810	907
458	519
953	389
544	996
633	887
227	712
97	257
26	988
396	890
621	699
996	675
885	273
819	759
21	787
447	736
655	811
822	727
816	905
143	829
4	277
599	455
698	902
59	399
366	648
205	609
839	659
813	944
876	195
635	288
973	608
105	443
242	532
537	425
148	707
124	539
711	200
776	461
315	508
636	553
739	219
232	605
136	676
153	662
882	273
394	892
12	299
210	888
745	443
797	412
955	910
54	815
404	717
611	140
540	302
187	332
322	327
765	290
513	195
628	131
813	726
571	341
370	345
592	256
511	407
248	476
731	811
537	498
715	715
53	798
656	635
745	750
687	634
425	772
735	421
306	610
729	394
791	472
895	501
212	353
128	728
225	463
162	875
522	957
221	600
503	423
150	698
54	203
477	944
764	353
643	219
429	116
888	118
519	432
360	792
15	491
3	784
717	732
818	456
682	364
406	619
871	925
794	632
222	558
149	375
440	503
143	631
319	196
471	678
117	133
680	771
292	968
305	264
531	313
461	456
360	131
523	495
967	711
328	342
736	378
489	567
15	668
416	499
897	496
814	227
206	506
678	114
192	781
19	375
501	699
458	512
37	991
513	450
692	159
633	700
58	912
238	966
926	428
878	821
68	319
121	212
455	123
64	425
975	781
6	424
474	924
43	356
392	129
608	442
711	611
14	938
165	289
97	961
288	307
11	685
327	760
955	781
593	528
566	566
948	659
748	270
263	714
944	440
399	858
189	334
479	737
106	959
596	731
615	991
293	454
126	329
379	813
784	268
941	344
601	900
975	479
267	213
672	617
996	725
448	321
26	360
226	728
589	635
455	124
45	199
935	303
261	902
63	981
620	429
182	577
68	741
407	270
782	709
633	970
989	752
880	762
243	586
707	269
371	797
888	903
125	245
555	376
631	451
910	867
885	761
316	294
411	698
668	982
771	478
634	980
443	361
793	153
789	450
892	659
350	502
869	641
409	190
630	133
558	180
780	725
20	788
188	956
376	805
845	962
939	840
248	852
943	996
139	242
491	823
907	151
102	943
336	995
456	716
293	155
795	347
615	775
65	800
238	409
680	927
127	163
652	666
856	833
28	733
175	640
584	355
344	330
249	630
497	433
478	341
953	393
189	929
330	238
349	748
686	155
281	418
454	395
601	966
230	272
557	850
718	335
563	495
477	274
846	590
48	576
763	928
973	202
303	229
939	770
757	554
270	348
760	921
215	480
688	121
522	894
154	890
319	130
948	145
661	605
72	324
866	749
335	978
165	521
23	948
69	511
444	847
734	977
262	498
617	564
930	640
139	780
512	309
328	951
16	768
5	156
579	604
574	452
626	382
42	524
775	788
821	862
58	261
577	593
375	986
912	941
929	238
886	138
582	105
367	634
124	815
381	374
94	316
67	491
394	336
734	562
648	769
601	465
845	805
871	573
941	526
996	231
190	682
693	882
542	782
480	293
733	673
504	996
254	854
803	985
662	918
418	279
983	859
510	755
419	730
162	387
443	339
319	653
991	551
623	988
871	123
994	917
947	324
257	107
982	782
847	415
796	223
405	786
167	402
555	133
743	620
831	723
789	862
115	874
567	598
292	341
538	896
188	743
484	144
936	289
488	634
338	632
169	867
174	538
954	105
328	835
523	652
81	653
480	356
37	310
629	521
460	417
133	253
642	147
343	346
918	927
578	163
503	404
858	532
997	945
595	936
804	444
713	634
128	813
171	545
432	489
308	187
442	406
889	725
363	672
618	858
272	530
392	264
397	818
268	260
79	417
533	301
787	494
661	738
116	854
757	561
47	173
145	678
499	828
643	666
713	872
862	209
417	993
3	110
941	910
630	525
426	560
410	862
985	247
898	382
613	171
433	287
328	113
688	398
871	806
574	232
744	598
985	136
831	339
123	446
625	622
895	327
310	849
39	818
219	601
297	304
700	722
920	319
420	459
306	543
249	143
361	823
151	802
700	970
478	576
989	249
146	422
427	815
592	857
805	564
317	770
560	437
100	797
70	777
699	122
817	729
121	223
774	853
519	653
956	839
976	324
972	407
568	203
294	877
599	255
334	285
620	954
563	272
839	126
830	938
424	277
922	703
483	412
856	996
596	830
269	735
321	325
525	961
35	762
626	390
584	265
571	645
42	573
782	462
506	850
50	637
72	264
823	241
693	250
313	374
605	670
677	155
321	230
978	732
414	549
344	996
902	819
305	634
369	233
372	583
133	902
169	347
651	644
722	414
743	231
446	820
992	972
816	319
111	736
909	156
815	233
599	116
390	843
330	145
225	791
733	639
104	932
827	758
3	277
369	131
210	291
339	885
679	921
161	757
265	443
43	238
156	367
670	917
415	918
461	661
580	711
845	132
196	439
791	539
685	508
469	694
437	221
834	677
121	549
660	826
734	697
67	925
986	217
84	634
985	535
295	599
353	769
803	208
582	378
307	362
703	918
40	891
850	369
654	847
748	104
602	524
510	530
805	991
199	546
422	126
17	469
57	795
401	340
252	798
270	594
526	419
337	650
554	497
754	416
698	587
638	284
128	783
489	858
903	232
23	519
588	640
960	168
839	795
404	190
693	783
737	827
697	960
855	766
480	423
426	868
454	933
386	577
920	949
801	174
991	225
262	655
109	815
663	774
304	582
385	155
590	487
757	445
133	628
949	688
891	261
397	577
113	349
262	255
940	910
401	535
525	685
690	776
849	954
857	836
697	801
958	387
400	449
92	460
127	741
919	547
341	871
730	422
357	359
658	546
958	701
76	983
234	720
350	206
633	631
43	670
185	353
442	747
966	139
986	625
380	523
882	293
102	945
633	446
532	768
617	236
146	509
177	775
370	677
209	364
806	394
19	654
41	266
656	726
59	701
411	579
162	397
963	841
463	794
306	774
771	365
311	815
205	861
720	474
896	935
181	842
254	757
137	751
746	627
902	118
814	908
767	832
653	543
156	124
988	393
633	157
478	476
569	776
184	799
96	182
643	150
728	605
347	406
273	723
144	909
119	805
528	662
577	551
172	622
409	448
410	765
385	472
490	256
254	983
125	126
790	609
347	843
15	322
561	188
293	270
792	734
988	523
216	650
111	489
399	797
139	965
3	467
343	273
373	388
47	909
965	428
118	435
762	777
670	196
251	922
754	601
233	624
330	113
621	537
646	819
141	844
953	356
363	619
714	148
938	323
423	473
20	792
801	842
306	546
168	968
583	322
203	956
797	354
451	858
709	642
248	142
355	270
359	795
896	619
336	848
255	270
193	630
253	791
263	962
300	777
357	335
862	663
404	716
655	513
788	682
163	108
394	605
378	196
989	465
548	948
72	461
957	762
766	875
606	921
947	834
528	710
391	565
115	172
791	677
643	369
144	797
468	768
755	900
613	380
491	741
103	649
23	843
550	788
540	170
630	830
681	336
506	342
960	474
96	778
998	380
664	567
799	536
151	772
747	206
510	161
581	696
483	540
930	678
410	809
563	801
880	748
875	530
372	134
993	156
670	472
987	981
286	548
904	174
853	696
6	680
229	427
360	419
870	883
285	314
181	790
828	293
658	785
699	647
769	202
769	147
273	864
814	217
496	566
147	976
686	633
150	878
159	745
988	382
780	886
940	164
304	626
212	101
822	725
96	690
546	301
276	132
925	479
609	546
731	140
476	144
58	325
846	993
555	651
175	730
196	903
857	966
356	286
543	963
990	612
831	951
432	795
224	672
554	860
566	624
379	735
779	913
806	342
583	421
865	768
778	368
861	916
227	258
827	272
304	645
666	347
520	721
940	707
328	610
636	686
866	792
700	527
630	591
278	155
39	424
51	855
876	346
653	836
86	233
918	848
598	199
315	480
129	112
686	817
538	331
908	455
479	351
331	243
587	178
382	609
425	817
994	599
246	415
71	868
576	741
967	587
181	804
105	749
497	775
350	602
468	129
257	282
797	949
224	981
728	707
817	410
337	562
191	435
427	555
794	549
649	478
336	568
761	477
112	761
58	596
591	868
108	980
551	922
229	174
936	512
27	183
931	134
728	474
443	347
916	662
502	911
180	883
136	476
306	634
953	547
564	877
262	527
583	566
434	696
442	186
148	106
641	873
530	886
372	623
125	121
542	515
242	273
728	345
374	543
449	219
988	268
55	949
358	751
780	500
844	429
911	493
659	450
864	921
142	652
579	975
735	864
537	519
611	845
6	874
401	670
708	446
65	375
282	215
123	717
438	783
31	953
258	177
156	827
37	271
519	126
211	519
570	949
741	307
298	444
478	253
457	786
317	604
392	943
150	707
516	395
737	912
18	365
534	408
136	775
207	780
117	313
111	304
596	534
715	891
391	223
741	335
230	261
923	872
471	785
232	455
42	461
658	947
243	881
818	610
547	648
357	730
923	514
734	232
902	212
572	607
567	765
105	136
914	981
325	257
359	239
507	344
713	783
772	369
75	963
803	853
55	796
593	647
917	203
916	823
176	356
840	235
757	688
322	930
699	486
64	568
646	946
441	609
472	205
130	287
145	568
136	515
881	264
41	232
649	710
845	442
935	808
228	820
474	271
50	200
709	182
420	261
747	189
289	761
496	217
193	989
500	328
637	410
955	975
328	724
724	174
85	359
130	466
486	338
180	386
714	909
597	190
801	822
761	154
740	988
619	304
112	866
391	305
126	779
136	375
485	287
270	217
973	957
355	866
564	783
955	626
453	336
95	234
428	165
722	966
147	287
527	594
977	952
660	226
560	622
268	420
166	855
978	141
22	410
31	482
483	240
109	964
483	532
594	363
195	635
884	126
68	303
116	805
356	103
127	793
563	843
34	730
962	387
551	303
347	623
250	110
392	836
813	447
817	975
686	144
150	879
116	903
19	986
588	166
570	653
803	126
973	184
239	665
868	744
689	962
972	402
523	968
362	563
383	332
44	963
541	412
562	846
90	802
39	595
531	113
425	543
641	187
10	903
336	437
987	323
643	464
736	637
33	279
918	312
84	669
658	630
944	479
233	427
664	297
477	559
240	638
490	632
729	436
155	386
568	684
146	543
375	934
443	555
147	942
645	298
565	614
456	974
209	986
440	890
811	644
894	114
478	835
434	121
215	210
701	156
216	647
929	293
277	284
571	302
51	596
420	256
653	428
400	173
789	713
986	120
914	967
931	581
809	818
515	176
64	637
158	844
330	307
544	876
776	363
999	621
937	377
733	633
133	997
356	762
984	275
951	443
22	404
468	674
537	422
364	218
172	710
116	730
872	867
330	295
656	786
627	891
544	112
132	991
569	957
47	285
464	187
252	238
987	214
240	533
354	878
771	943
178	352
440	117
996	395
373	669
958	768
505	721
463	516
307	481
850	775
188	489
502	883
616	946
848	445
853	424
973	884
891	544
553	602
85	413
747	554
615	960
335	864
710	988
254	586
612	577
822	776
310	865
433	335
153	364
192	586
983	557
200	120
23	695
561	950
187	835
251	505
734	303
367	485
330	955
604	610
80	804
631	449
775	126
951	661
426	607
812	452
139	291
966	403
430	331
602	286
752	597
871	148
17	308
661	662
205	401
739	895
59	137
601	925
279	135
410	620
298	157
139	424
792	574
923	554
536	994
743	406
396	220
350	609
807	336
311	797
293	689
759	898
821	239
410	237
409	403
579	172
637	906
870	634
605	889
9	235
969	515
176	199
864	538
775	842
35	806
709	462
686	299
532	772
804	950
898	526
197	470
838	785
169	497
631	343
513	815
260	811
694	749
480	619
457	321
320	497
811	288
194	492
731	495
115	720
372	500
254	272
770	874
224	251
185	431
24	645
207	887
645	296
727	642
933	516
68	984
885	543
165	473
708	871
815	306
574	918
353	684
635	653
879	723
997	574
204	411
787	429
142	732
411	124
37	861
77	776
133	560
844	863
281	169
979	811
52	497
926	143
881	858
720	222
957	258
436	330
972	274
601	905
266	273
910	982
67	651
817	410
942	386
521	334
112	489
265	154
94	235
875	221
584	398
449	785
699	384
750	222
227	266
328	496
222	588
332	533
275	220
483	740
349	412
152	397
40	533
168	225
433	459
354	201
739	164
327	334
193	158
997	743
397	449
203	130
916	409
908	183
755	478
285	769
670	167
650	863
782	261
247	383
778	690
109	889
878	662
56	487
943	826
191	845
969	717
533	278
379	998
208	550
31	605
136	738
900	266
971	428
65	773
468	198
411	105
563	640
300	816
754	474
933	627
166	675
398	521
885	923
262	542
438	820
267	836
58	824
185	771
244	568
117	804
166	587
102	310
967	658
486	688
812	716
449	278
279	565
483	552
584	307
504	345
654	624
103	550
2	454
142	807
221	939
64	102
703	896
635	423
237	514
195	738
832	939
369	857
469	221
132	730
659	759
497	749
4	112
690	769
969	505
240	407
670	686
694	194
375	909
957	405
669	860
214	890
327	646
904	398
525	805
309	362
930	220
205	479
66	757
353	824
560	180
439	672
624	197
412	684
37	803
307	120
489	187
897	842
469	326
410	616
654	343
284	873
627	980
580	390
282	436
532	786
521	392
89	580
70	693
268	1000
277	516
464	824
668	536
184	363
701	865
426	249
842	927
163	585
741	263
780	592
377	819
467	777
618	116
832	230
599	281
568	438
289	862
902	104
406	376
332	680
371	974
671	134
88	892
411	782
456	456
355	596
635	919
408	764
519	306
47	649
285	243
511	795
32	609
492	541
428	945
412	381
673	881
845	205
246	367
426	717
582	411
710	646
839	879
305	336
775	162
222	227
810	944
628	191
305	845
325	866
976	385
502	730
750	666
297	629
370	436
122	765
565	896
877	930
326	819
865	658
778	126
52	161
326	900
202	101
797	145
90	847
364	835
582	322
307	437
895	493
500	315
833	397
236	116
844	577
115	224
965	356
269	129
789	405
524	182
471	733
60	832
681	615
342	831
542	782
182	170
31	715
166	753
850	621
468	271
464	128
972	105
760	182
431	196
985	992
173	688
523	991
657	759
160	921
376	224
658	192
988	559
604	510
721	550
702	710
466	608
980	136
246	643
777	100
877	224
679	195
999	699
358	615
913	136
930	242
435	580
182	390
134	780
729	392
787	560
782	460
796	459
270	941
593	190
56	112
205	490
324	172
212	901
752	654
336	609
234	102
451	991
75	498
756	919
322	955
907	786
829	244
298	323
18	313
807	598
517	920
408	316
595	279
58	630
998	269
597	142
361	875
776	934
644	732
45	515
352	732
72	462
867	487
219	365
479	125
784	541
623	852
850	404
369	668
221	745
192	340
27	762
558	180
871	558
899	674
991	520
65	858
257	174
802	220
475	671
839	797
795	366
302	301
561	555
194	438
848	329
462	892
319	321
87	697
664	234
756	117
785	219
989	232
903	365
710	574
98	128
952	750
101	665
563	415
28	932
649	260
636	819
285	468
448	146
684	851
53	415
74	199
982	354
759	558
985	343
797	136
321	936
782	329
713	903
885	878
208	737
911	566
431	117
614	361
169	682
439	917
784	460
717	644
644	895
474	972
217	376
597	981
8	603
785	828
452	229
902	606
857	781
850	347
806	735
779	649
463	482
167	667
298	325
130	524
661	142
380	916
611	334
564	901
969	256
717	615
814	538
460	648
763	580
324	571
324	599
337	711
158	685
599	735
154	666
480	798
279	393
848	487
258	894
390	931
77	383
823	356
864	141
2	996
350	825
977	618
200	344
39	311
474	179
889	745
510	672
951	358
734	545
291	415
937	140
455	298
654	919
832	105
935	496
352	737
393	993
808	240
651	780
630	162
766	862
446	631
650	704
437	149
75	842
73	245
293	208
949	114
769	215
328	165
319	507
216	422
804	664
6	368
121	388
509	388
806	638
720	980
613	740
436	434
713	573
60	921
85	904
823	525
914	693
990	511
223	262
249	347
742	704
962	799
332	860
113	132
925	333
424	790
376	709
280	298
46	891
275	452
410	558
690	131
429	672
821	548
11	608
356	920
611	756
639	742
398	660
132	802
283	431
591	887
465	770
861	147
218	556
582	718
860	603
11	438
618	860
754	757
320	598
65	637
393	991
10	133
495	555
959	513
400	139
839	105
473	729
745	689
241	397
699	970
756	158
741	416
341	994
896	162
135	647
571	493
757	898
380	472
512	528
636	529
69	915
101	888
503	660
447	619
823	633
131	620
450	203
134	902
358	208
654	839
680	160
120	120
372	775
524	670
624	727
260	525
751	609
689	926
31	224
351	363
681	985
1000	636
686	392
323	280
621	486
294	212
537	937
151	353
880	895
782	130
710	622
584	401
681	339
390	840
750	203
418	140
779	158
300	246
41	310
722	322
727	536
472	283
477	375
717	921
28	148
265	154
973	634
892	677
770	365
111	597
872	884
796	284
839	238
623	547
232	701
495	658
206	945
129	549
45	443
479	590
384	542
343	664
191	451
517	971
515	860
559	145
196	238
238	537
889	337
938	858
802	667
269	793
4	816
220	763
851	344
493	959
707	304
964	381
1000	930
107	621
425	199
337	917
634	286
18	419
586	470
635	765
40	675
290	924
313	135
790	800
302	552
499	907
385	288
366	859
826	575
240	394
143	254
424	405
859	294
662	565
239	404
621	330
915	625
330	667
709	336
57	693
383	651
825	261
931	887
715	356
361	541
565	680
808	995
218	744
133	790
978	465
187	948
669	258
244	929
159	697
245	221
975	558
771	761
832	561
891	501
607	824
89	236
297	445
906	961
951	517
354	846
250	279
12	667
670	423
316	460
177	829
405	595
844	696
69	636
666	247
195	526
634	997
261	647
824	552
638	402
690	389
119	915
393	220
764	235
323	226
808	904
264	417
810	844
383	158
704	254
582	231
578	161
867	662
979	160
174	785
102	194
786	797
573	149
368	832
748	792
890	880
183	610
22	743
500	490
952	778
460	518
303	767
212	753
55	960
495	584
516	780
216	652
857	105
796	325
599	623
650	678
787	962
301	787
165	630
914	517
947	845
54	618
428	348
154	331
907	669
643	606
30	120
354	762
572	821
931	219
699	788
934	192
219	630
301	750
621	242
191	289
445	592
61	856
249	352
813	827
559	445
250	862
217	959
534	477
117	917
527	179
288	744
481	781
115	140
361	526
526	532
580	997
210	568
8	337
143	354
75	179
124	577
947	162
730	647
234	278
404	534
142	697
237	762
235	223
79	942
795	246
191	180
836	789
874	485
863	766
37	746
137	729
903	840
217	167
21	742
471	872
897	149
912	353
59	340
843	966
195	498
431	430
969	727
228	625
420	992
346	166
658	898
615	716
658	636
659	389
952	774
967	827
848	554
351	263
256	665
611	270
795	318
543	450
439	466
851	192
840	272
52	939
888	338
421	211
46	120
224	317
647	867
576	324
693	544
410	827
32	971
233	975
668	415
982	685
184	297
790	317
49	568
475	296
516	655
166	393
846	973
228	588
704	540
211	501
430	646
377	249
359	266
391	103
343	530
34	798
127	502
60	688
315	417
228	515
59	930
116	315
265	380
779	554
395	829
668	931
326	551
757	877
221	719
882	399
805	398
382	475
622	487
314	565
94	546
989	290
769	612
347	323
555	708
789	727
750	380
877	317
410	170
538	972
776	153
714	494
58	187
174	476
383	698
244	317
462	253
332	471
851	446
793	226
157	718
260	100
79	902
8	848
455	178
671	447
696	297
641	326
532	554
59	363
742	724
117	397
710	589
240	182
356	191
627	674
999	887
507	547
277	608
757	987
755	143
295	926
422	238
651	191
990	193
262	727
595	316
523	151
134	211
992	975
775	153
850	292
864	707
927	271
1000	368
802	682
924	797
535	693
753	895
804	138
70	682
344	408
611	469
303	831
711	797
759	706
586	323
127	630
369	466
957	491
288	540
380	705
223	961
706	689
400	688
265	685
391	153
201	438
653	520
969	256
408	127
246	402
559	610
683	159
993	253
134	1000
434	553
339	904
201	196
473	986
649	716
430	730
831	768
339	769
290	465
461	881
368	321
608	251
390	258
551	864
397	787
963	440
84	263
35	613
39	767
626	254
244	960
293	886
578	903
831	530
138	693
193	574
376	638
576	958
844	822
743	231
711	193
387	669
159	711
409	670
866	852
8	258
337	452
740	428
457	274
250	618
130	680
265	648
698	323
800	826
243	253
884	391
592	437
482	472
565	123
102	481
247	627
233	216
978	570
27	151
65	251
945	192
343	185
333	682
323	617
20	664
485	918
33	614
758	260
904	159
12	997
494	404
192	484
219	411
162	169
288	253
341	738
124	970
18	996
918	374
752	473
419	598
133	368
520	266
699	631
988	346
708	618
170	459
838	930
175	857
92	182
549	976
223	711
330	936
861	854
722	912
909	440
20	117
755	753
232	564
168	996
115	325
360	451
827	234
200	261
964	294
820	121
172	516
942	636
747	876
276	192
670	303
283	689
282	962
650	566
233	424
17	671
298	521
936	935
690	874
959	941
156	319
922	518
450	318
991	203
391	309
221	424
265	779
325	285
730	356
539	316
593	584
386	907
352	777
510	448
762	237
31	393
139	702
545	667
107	453
575	381
351	771
361	722
916	989
907	414
797	202
169	276
508	355
992	372
331	903
958	514
130	964
627	762
21	696
299	610
408	567
500	157
381	554
372	999
93	198
111	217
99	118
626	279
166	638
48	746
24	735
907	107
759	133
316	825
351	839
561	676
664	655
185	713
961	765
26	522
948	638
180	379
55	321
620	719
530	841
704	168
210	817
177	482
605	528
778	990
400	627
576	401
746	542
538	599
343	421
158	118
800	477
529	536
844	575
69	780
626	910
658	630
204	821
400	604
9	542
926	121
643	900
667	972
149	157
395	427
144	468
441	573
648	994
765	976
70	514
950	853
679	889
179	906
934	877
592	956
318	855
994	772
875	572
777	848
612	597
182	980
853	894
211	598
730	256
24	212
883	333
386	288
657	211
540	621
568	980
474	460
815	696
409	781
148	489
303	114
355	608
762	193
361	565
19	536
130	338
70	424
809	575
18	615
828	999
673	898
869	383
398	563
811	544
724	267
98	861
571	282
71	204
547	308
600	653
243	628
788	811
765	945
182	649
424	414
321	894
795	632
265	115
125	142
871	808
158	111
981	792
653	235
981	422
111	888
869	942
231	710
449	448
307	227
245	862
129	879
249	561
910	871
871	578
849	864
259	530
580	395
634	292
32	668
798	674
877	335
90	219
777	314
939	271
4	818
975	607
576	280
75	281
850	693
587	708
459	738
276	175
885	646
242	278
871	907
844	332
809	492
181	468
745	119
222	725
89	977
943	463
926	228
55	368
794	703
917	812
567	447
248	843
31	289
422	458
868	773
445	615
66	289
2	230
954	396
500	676
993	895
6	899
504	254
689	425
350	995
247	586
156	774
544	128
953	803
689	807
286	160
279	595
168	385
867	987
570	923
374	828
439	621
289	373
991	973
68	939
75	872
216	825
899	376
215	492
608	828
142	979
402	734
46	925
856	927
487	109
571	189
665	638
352	439
419	332
206	909
750	102
813	166
448	790
554	132
928	496
782	865
326	866
693	818
608	272
275	143
903	738
92	842
401	994
304	459
671	308
699	711
185	279
224	768
908	597
877	287
785	545
526	268
144	662
151	785
235	221
274	857
337	405
879	702
207	856
642	566
435	652
811	688
902	661
650	231
539	164
250	327
506	815
173	845
581	890
521	991
777	938
884	143
684	523
697	573
755	197
107	279
558	675
504	873
126	640
447	847
28	391
653	475
846	918
433	374
492	533
753	768
930	541
570	369
16	479
745	499
296	909
403	377
953	827
598	604
758	538
566	513
1000	348
810	842
364	226
34	712
805	435
883	536
801	723
464	763
510	674
632	725
108	381
580	412
782	168
975	264
764	151
170	702
85	880
154	846
641	846
157	233
203	511
420	721
132	711
315	203
93	398
451	219
362	855
923	703
703	887
678	293
626	891
843	530
819	237
851	880
370	874
846	955
318	531
78	179
898	182
538	189
709	930
647	409
165	396
509	470
114	116
475	524
134	787
79	322
855	571
624	331
207	206
39	761
819	337
932	226
633	933
875	172
632	295
943	143
561	605
696	366
443	656
499	101
322	413
957	979
333	940
626	277
902	779
222	457
891	241
100	571
544	522
465	891
509	791
925	440
152	690
142	342
195	483
738	138
282	873
718	630
473	164
36	153
944	855
934	239
464	733
942	567
311	247
877	448
885	287
170	769
962	504
818	562
970	745
501	135
811	125
135	367
1000	565
376	501
110	668
48	640
158	738
268	963
265	850
295	297
145	194
736	243
223	705
188	317
506	535
383	344
442	110
766	739
307	303
760	502
980	310
61	854
683	977
892	285
670	612
496	222
174	100
775	845
163	264
880	930
949	691
745	974
748	208
191	847
227	214
818	828
155	690
446	388
981	889
549	879
17	948
233	608
386	394
357	872
47	634
636	901
701	529
808	859
856	789
832	770
611	785
634	554
565	734
776	687
600	721
797	656
32	493
332	482
521	177
916	312
976	269
29	871
495	530
440	135
151	108
782	860
789	341
107	685
303	665
940	811
589	484
193	493
286	507
829	779
803	142
736	174
218	356
596	155
253	128
116	291
556	485
998	228
110	677
521	343
510	991
643	565
758	449
119	370
794	922
745	902
775	329
148	759
172	797
410	970
390	932
373	324
444	578
472	823
32	461
34	364
10	861
731	370
452	546
429	976
69	672
687	283
77	653
135	755
879	222
261	566
624	250
998	667
540	879
199	223
570	688
210	834
951	491
92	295
222	835
141	219
237	660
267	703
604	902
844	821
881	410
433	967
894	913
656	801
697	663
793	985
899	623
823	427
850	125
229	421
266	733
602	373
283	780
942	254
666	664
158	109
937	119
38	413
759	705
503	941
799	339
376	792
400	374
140	903
731	607
75	279
517	430
985	218
235	829
20	287
126	119
769	515
484	579
727	888
952	652
547	996
272	839
523	854
331	812
46	351
772	541
566	755
77	911
527	343
953	327
273	972
893	128
345	408
312	929
586	882
845	990
806	778
260	130
94	935
124	819
673	480
965	443
534	276
123	981
165	447
66	532
435	406
53	388
866	836
42	416
26	105
354	802
558	895
442	563
591	934
10	131
933	744
150	669
510	303
960	433
53	560
482	522
384	725
285	598
697	254
625	890
230	775
492	734
313	544
99	721
324	559
382	444
560	520
968	302
711	287
9	953
129	383
784	121
916	893
826	677
251	232
621	764
395	700
230	559
320	718
362	839
64	250
942	284
2	180
334	263
905	339
664	712
40	652
833	994
707	132
357	500
896	438
902	369
495	620
33	969
894	179
159	245
861	361
869	568
407	166
356	146
436	475
104	598
107	790
1	471
121	398
947	881
574	662
648	602
932	876
493	203
186	427
998	904
327	669
322	214
90	842
559	791
343	907
278	987
973	993
885	512
576	498
181	952
770	863
77	444
825	392
993	585
523	647
775	828
826	386
688	792
810	151
24	674
715	961
141	527
812	753
942	255
314	466
63	404
328	842
6	762
836	529
945	909
255	636
922	795
28	589
566	538
709	536
415	392
167	937
320	788
774	928
598	360
34	527
206	232
224	577
936	455
393	841
238	831
654	574
89	776
907	723
166	960
568	462
850	550
285	603
91	704
189	715
638	555
983	535
940	870
406	243
636	187
961	863
534	334
448	440
338	772
448	368
770	135
900	563
839	275
970	635
454	594
853	549
413	287
587	242
40	169
100	198
817	830
138	678
490	304
798	500
613	665
750	180
437	669
278	553
25	683
483	312
467	751
87	818
27	305
816	947
794	430
519	723
282	616
610	805
322	377
479	465
152	318
907	989
780	503
691	588
660	488
305	991
850	222
824	250
62	479
669	553
868	639
993	620
968	952
783	883
94	211
906	932
479	287
566	799
125	991
123	995
702	439
165	440
174	464
523	595
137	283
711	933
290	409
682	274
430	210
759	319
597	157
462	754
540	425
700	600
554	610
388	746
920	127
828	149
194	311
668	809
479	880
458	299
99	876
17	701
352	737
247	378
576	827
438	671
142	652
286	957
42	461
871	136
496	707
771	868
947	824
846	855
147	865
490	395
810	690
418	916
765	855
414	418
237	739
424	477
691	694
302	251
164	567
358	185
702	372
250	861
493	345
35	380
7	746
123	853
655	343
423	306
869	959
796	106
911	342
964	204
402	300
34	962
365	256
215	859
136	797
324	168
200	106
370	702
708	769
661	558
226	954
732	580
577	327
901	259
558	900
669	695
129	902
411	647
100	810
998	599
345	701
942	167
931	750
730	676
806	598
765	817
345	279
388	224
119	218
502	264
189	408
114	350
655	644
756	877
382	993
650	691
506	721
656	424
42	388
613	406
642	770
962	539
202	203
289	106
642	425
221	280
129	402
282	490
815	347
532	157
804	932
986	800
814	762
161	796
319	732
821	363
141	267
135	416
536	202
45	762
638	363
322	330
457	861
161	943
173	875
838	566
37	477
22	784
842	137
162	577
981	173
509	200
460	544
679	599
640	200
45	336
490	972
450	627
526	804
746	155
720	182
211	511
812	913
650	404
166	501
912	379
804	456
375	191
98	889
920	372
781	684
256	954
743	736
369	355
713	755
915	138
533	683
827	500
878	514
251	307
76	231
498	634
107	799
298	427
284	241
85	856
966	389
571	424
462	301
864	856
509	903
126	632
968	633
265	962
506	611
55	558
580	741
469	850
445	829
730	685
260	353
433	509
122	498
160	508
399	288
639	578
711	977
273	827
586	665
354	510
325	349
877	327
722	913
219	127
951	285
379	156
240	710
260	220
809	521
8	506
465	794
10	212
440	468
224	117
132	762
345	298
268	364
351	688
385	972
939	670
966	764
999	650
354	485
875	127
845	792
677	177
281	880
591	573
567	595
408	611
405	375
696	553
514	181
515	738
379	867
287	605
190	915
139	276
779	640
219	203
991	731
137	993
672	826
441	627
531	928
901	421
488	644
777	424
330	991
804	710
316	565
357	716
914	597
713	617
565	503
710	622
332	668
457	684
196	226
706	360
734	623
820	543
368	243
258	785
521	198
378	736
296	234
632	183
528	592
351	858
837	331
588	839
602	722
929	916
711	627
8	317
846	891
499	269
282	423
740	311
779	365
540	230
59	231
791	639
114	602
127	623
390	936
911	942
214	730
908	512
966	777
621	210
22	126
681	461
691	726
579	518
462	732
840	697
630	268
858	342
578	913
586	866
888	674
232	667
938	920
788	515
289	677
490	276
874	538
564	817
956	678
341	666
148	297
753	976
949	929
176	643
253	417
555	322
357	142
170	372
825	188
111	590
435	820
860	105
131	948
197	838
902	301
77	686
990	168
115	631
85	324
54	188
114	418
773	880
49	577
979	162
431	911
937	795
147	273
847	438
518	953
59	651
29	792
529	310
119	366
963	219
794	583
14	437
193	831
74	514
505	851
678	909
930	772
61	137
401	121
892	834
333	415
466	161
131	103
136	910
120	760
265	466
219	935
962	258
9	416
35	787
14	513
538	101
781	325
341	603
608	953
110	304
837	313
588	495
935	790
20	793
928	116
270	570
351	242
111	653
5	600
569	823
864	789
924	809
192	461
948	708
375	174
596	890
752	714
529	235
348	820
403	529
172	415
329	142
862	624
515	988
845	938
260	297
434	359
967	176
95	138
542	974
608	315
564	126
20	448
954	582
257	685
613	287
441	212
120	160
953	357
920	137
213	201
900	484
331	368
270	232
648	491
127	921
855	653
851	576
940	609
552	410
662	365
519	271
460	979
324	360
728	846
787	554
506	996
544	239
347	684
869	853
406	897
580	511
835	870
337	467
622	614
717	296
684	568
44	519
162	157
453	815
152	694
265	776
503	154
644	706
311	770
655	889
944	135
653	204
95	569
381	822
446	694
134	858
215	158
779	972
106	650
652	119
69	257
28	568
384	559
527	678
769	835
94	229
418	222
817	628
605	438
603	196
690	674
707	628
583	538
380	562
562	799
630	922
239	964
133	571
418	856
424	574
122	723
231	518
260	671
441	914
956	790
528	855
172	917
524	833
813	973
985	651
573	787
477	670
111	815
854	790
979	301
659	566
289	296
398	795
98	295
170	997
212	230
924	695
230	728
607	509
688	527
859	776
650	922
261	426
17	641
429	490
697	800
377	626
982	103
382	125
27	164
752	685
907	464
434	860
658	271
132	999
494	925
187	174
314	311
34	975
441	689
56	119
84	393
661	691
113	789
835	160
163	144
609	976
374	241
14	580
347	609
251	263
708	119
320	289
565	793
907	305
984	785
547	727
562	640
241	407
466	540
415	356
382	817
365	126
740	942
132	252
805	611
38	256
309	869
797	950
253	266
644	324
244	803
990	409
869	451
853	758
894	514
388	833
666	828
499	329
699	548
984	386
739	566
116	473
34	147
731	252
238	739
250	957
700	631
16	860
556	169
500	387
716	117
877	194
33	985
886	814
494	628
272	641
211	582
250	141
523	706
335	533
891	902
245	640
463	630
144	375
665	415
48	233
315	842
961	176
150	359
876	328
974	529
475	951
414	149
158	480
368	476
62	993
281	324
858	409
859	130
122	129
795	870
671	293
905	254
113	445
327	980
904	891
58	594
63	804
791	904
63	755
335	660
495	589
513	228
276	109
963	375
689	600
754	723
890	322
420	613
970	104
231	707
780	245
255	448
876	473
286	322
948	184
177	223
158	150
775	544
302	216
538	563
156	206
27	189
857	570
24	892
507	338
969	832
384	193
223	960
153	569
373	680
259	139
169	903
680	389
348	921
259	661
347	493
498	652
827	860
561	722
283	954
729	200
624	547
671	283
876	976
921	277
826	813
1000	453
663	732
235	770
269	852
771	626
3	716
806	471
77	798
242	813
105	139
280	638
879	442
850	308
236	879
219	107
424	844
899	108
585	834
108	754
25	531
322	542
668	393
319	915
238	113
600	653
704	332
773	762
165	341
48	300
597	761
779	132
618	881
130	983
736	587
568	588
131	344
476	692
621	671
815	319
79	905
694	799
175	990
296	749
969	499
607	699
319	863
775	626
515	437
405	292
118	773
448	962
901	860
244	879
847	730
689	884
685	858
2	102
333	369
154	383
956	310
125	739
371	928
194	163
384	570
836	732
641	431
740	182
331	143
955	393
850	573
499	211
902	260
97	920
53	987
708	324
189	641
518	667
212	101
43	226
391	774
392	859
122	592
233	613
320	288
980	757
818	542
357	767
806	585
734	887
469	315
307	344
311	919
928	306
853	358
376	385
525	312
371	553
668	841
262	149
277	833
61	741
17	360
219	462
562	505
177	967
676	823
827	806
737	348
524	177
19	307
55	861
563	753
46	252
810	552
874	461
36	117
65	862
864	160
682	931
505	595
680	293
385	820
544	118
150	328
270	734
162	534
18	570
231	522
891	502
463	600
124	939
464	312
824	451
34	700
406	447
607	971
475	876
49	601
762	605
720	139
71	367
316	387
175	754
603	904
658	846
865	207
730	440
105	465
195	589
366	565
662	485
126	536
163	778
754	829
167	784
827	283
637	994
382	895
780	114
707	966
516	587
290	610
446	988
233	310
604	721
359	466
610	862
66	169
463	470
352	214
241	535
603	951
455	768
680	351
507	663
51	812
741	198
184	743
540	383
920	604
759	163
899	617
525	817
517	683
716	514
12	893
601	295
878	596
30	212
302	410
821	366
7	717
624	528
17	291
352	766
346	674
138	753
273	700
485	226
140	378
10	933
616	125
116	562
637	948
157	556
332	534
816	160
10	238
920	439
495	468
350	142
886	176
241	320
181	265
996	533
897	449
880	845
93	211
245	645
38	658
341	700
724	652
310	366
439	126
774	860
423	544
24	300
369	338
819	118
535	799
957	788
22	308
804	633
487	975
342	444
432	206
340	673
710	922
188	458
465	473
483	704
631	603
815	765
543	506
838	942
568	283
195	732
532	113
971	876
821	374
803	365
873	460
688	730
891	305
527	786
902	520
517	652
216	274
733	968
441	235
498	480
407	965
403	621
467	497
410	724
461	504
729	434
6	964
66	955
580	148
468	996
88	601
923	422
665	492
571	752
207	903
987	611
8	518
551	158
806	805
26	556
911	695
731	732
101	888
442	346
352	484
707	534
155	973
165	972
299	640
908	394
24	342
915	519
903	547
837	763
884	118
728	807
71	435
542	148
433	197
960	729
90	607
343	121
208	459
187	135
726	423
77	183
739	242
895	601
856	619
78	143
458	376
542	536
265	754
681	506
803	372
681	847
305	938
928	302
582	588
372	902
52	488
133	721
470	889
950	384
358	172
451	546
571	835
207	943
855	236
855	617
712	528
977	700
634	615
900	137
549	714
741	536
615	866
10	345
466	784
698	986
585	451
674	866
15	662
726	873
270	896
825	934
270	609
563	855
377	223
479	561
743	787
694	344
12	859
10	617
411	243
668	977
544	398
430	244
603	488
384	590
134	585
377	906
557	826
756	908
303	320
572	889
872	205
127	237
974	748
972	888
734	266
94	994
77	902
855	104
855	892
296	721
869	908
755	385
405	392
865	215
526	917
922	730
439	417
420	940
703	928
759	627
19	184
326	872
488	739
566	177
383	460
15	506
935	731
161	240
204	995
413	157
580	876
53	318
217	986
330	791
478	574
244	695
490	504
291	629
350	119
884	273
948	845
267	950
846	609
625	373
243	642
854	407
986	111
682	319
101	369
173	704
962	660
970	193
906	471
651	155
175	904
88	669
904	401
804	865
652	459
452	313
614	303
262	132
998	247
319	815
997	803
706	573
168	447
46	690
887	444
864	346
22	532
865	377
367	247
172	380
873	885
674	225
962	701
773	581
737	651
200	681
30	436
86	886
179	674
995	487
476	669
708	308
491	417
809	605
616	814
952	720
506	204
352	361
180	796
35	615
274	173
73	432
55	518
564	713
413	231
350	588
65	989
993	236
668	781
598	802
784	994
452	740
437	476
855	263
116	538
241	202
249	773
882	455
445	769
420	432
582	926
663	568
477	313
369	754
905	603
416	347
192	401
781	483
647	386
784	730
654	844
542	781
257	711
686	561
452	518
683	608
798	735
238	381
243	120
48	434
527	257
402	895
416	934
585	956
859	363
340	789
665	331
533	640
506	447
866	986
725	418
879	168
307	163
355	238
659	422
715	269
980	356
743	966
36	165
273	492
338	354
591	246
542	115
385	329
630	916
803	463
843	542
267	141
393	933
240	190
687	610
191	854
425	165
622	623
776	674
947	613
845	176
838	135
569	266
400	648
875	400
748	162
369	516
396	507
790	119
886	531
340	703
919	946
61	196
217	876
764	488
606	711
546	752
468	956
959	149
599	910
849	723
109	995
251	716
641	273
604	631
327	244
214	679
492	753
628	505
246	403
327	332
1000	861
534	876
205	400
721	388
146	647
680	890
768	352
16	722
332	926
321	745
827	253
593	695
276	894
428	437
104	169
686	579
646	957
333	378
184	787
781	673
146	869
181	628
104	883
224	126
733	212
663	459
100	625
85	307
352	987
446	244
278	209
153	305
552	249
721	141
509	541
956	188
323	623
550	549
406	888
287	354
224	374
87	414
784	342
590	758
876	637
867	842
921	776
503	325
916	708
707	931
882	770
63	345
70	948
941	582
487	339
445	496
665	226
37	748
769	939
500	474
397	786
121	854
7	645
763	671
135	798
414	413
391	942
216	138
652	322
50	596
94	1000
418	396
450	986
658	287
72	945
422	776
594	941
838	239
45	265
870	284
703	620
408	876
885	249
900	286
975	462
914	371
689	930
569	737
451	305
455	341
334	414
239	864
938	276
23	452
475	565
336	961
121	701
305	305
49	201
68	729
329	130
871	272
405	293
361	339
103	100
668	627
63	951
456	273
547	992
529	804
434	915
937	839
454	249
822	493
991	330
664	306
509	917
399	679
621	509
125	330
538	702
949	297
271	356
690	664
704	162
700	404
784	432
980	804
303	663
495	931
185	708
400	375
657	247
955	401
145	658
175	638
825	152
204	371
381	825
494	856
21	331
111	371
717	784
267	603
45	881
421	543
223	240
234	720
235	609
237	264
173	390
231	583
719	221
894	879
472	894
415	929
520	660
287	837
612	266
91	345
587	675
16	190
823	905
755	560
779	448
305	336
218	982
238	971
857	373
858	825
869	320
640	942
721	206
880	475
609	155
937	373
347	655
664	976
557	172
477	599
975	959
938	794
548	430
250	604
203	482
39	936
89	178
917	780
898	907
549	789
561	510
143	311
777	920
696	769
608	992
616	939
689	558
84	234
549	958
198	863
525	412
998	340
211	107
899	540
530	878
784	373
489	165
216	602
206	224
675	356
303	521
96	330
946	804
857	280
229	452
376	200
205	988
565	804
7	454
894	374
866	806
511	535
727	979
516	434
869	863
245	769
485	260
966	751
553	831
160	109
339	874
62	523
955	578
996	711
988	792
679	683
3	943
364	815
258	338
631	488
386	410
917	856
438	377
659	365
818	584
387	580
764	250
630	698
108	502
364	243
576	212
347	122
669	901
602	650
895	992
945	726
733	730
478	982
62	822
613	952
15	805
855	669
780	273
306	396
818	532
894	891
289	678
83	455
528	710
976	198
741	173
361	978
92	705
316	982
417	661
813	851
135	508
690	905
297	783
138	451
728	880
125	278
985	125
695	944
575	732
835	869
433	375
439	578
734	461
331	786
89	344
116	471
494	511
223	345
79	570
533	433
457	288
488	274
426	105
851	532
350	994
838	509
596	614
645	339
506	753
279	201
928	128
460	859
480	100
81	677
559	808
767	421
929	293
270	895
267	107
269	382
84	568
519	449
212	208
580	825
797	605
237	905
353	181
327	995
24	930
522	626
53	622
291	456
969	760
76	528
973	181
542	554
121	258
995	106
172	935
742	701
702	151
522	646
820	374
369	580
134	103
196	467
299	243
632	318
331	620
118	907
279	659
924	709
821	930
700	841
297	434
772	932
89	986
868	713
611	692
442	416
575	163
343	922
637	126
915	375
128	200
774	193
680	982
136	589
883	204
198	873
191	852
410	102
632	698
659	284
577	967
136	635
859	574
706	235
399	342
996	469
610	221
675	790
713	334
479	589
772	131
364	623
258	512
48	965
804	935
963	159
473	337
871	478
770	174
443	253
102	526
482	190
230	527
328	540
693	241
931	733
756	369
695	397
638	405
147	219
329	733
524	380
562	426
79	744
36	624
776	656
210	999
525	299
769	738
225	222
998	779
153	262
598	426
46	135
218	809
802	127
370	969
389	410
842	100
442	527
865	678
824	968
485	168
121	238
981	674
913	757
818	419
941	622
587	580
650	434
92	215
377	282
911	120
344	976
363	607
392	692
555	355
331	456
428	199
99	903
243	208
880	644
381	581
291	852
952	403
147	727
843	787
674	606
973	791
769	229
53	824
873	584
565	123
276	621
65	878
579	445
68	419
373	564
512	769
49	241
942	133
898	536
774	937
489	836
805	160
528	863
760	225
656	346
449	923
455	513
926	429
496	622
938	652
548	447
712	915
721	330
543	233
458	437
256	836
119	749
814	400
773	734
595	539
867	911
589	356
247	572
867	282
30	152
324	292
606	469
183	524
958	846
871	615
963	687
896	613
578	247
260	469
488	864
458	653
536	689
117	830
210	398
158	376
12	178
963	449
831	184
440	678
442	483
376	399
323	894
691	616
329	387
847	425
652	899
335	758
785	726
479	449
303	240
205	303
671	307
247	473
936	933
748	1000
297	380
690	814
754	625
386	992
895	262
442	722
163	141
473	340
506	177
998	962
855	867
342	302
799	919
398	873
312	839
129	815
167	523
837	439
636	812
915	240
459	621
405	247
535	514
882	649
533	649
20	161
610	753
134	196
847	160
450	565
894	365
439	778
761	961
477	585
591	938
525	437
50	985
399	676
925	905
423	770
713	993
16	107
564	894
345	956
765	768
752	966
880	996
440	776
155	482
938	484
768	342
675	326
423	352
197	182
843	486
809	343
649	168
945	699
370	395
400	677
486	640
971	778
333	769
152	660
830	242
147	559
428	166
2	408
681	940
750	697
638	689
986	151
159	862
143	449
540	829
454	242
512	404
808	749
47	365
726	246
975	321
438	652
92	856
547	555
538	823
930	937
676	333
514	938
931	787
994	141
778	358
167	423
137	441
689	974
563	747
144	398
621	417
1000	919
307	366
931	586
256	113
684	758
800	346
466	461
148	556
251	937
282	875
915	265
925	161
878	430
503	122
876	570
585	933
419	259
669	229
632	546
476	647
954	716
683	191
77	764
458	867
907	658
627	418
524	665
881	432
384	589
861	718
601	310
796	773
382	157
600	796
830	319
231	986
962	159
928	390
172	560
676	815
364	526
615	929
967	360
240	705
414	970
585	572
716	277
507	707
57	337
392	158
871	352
451	627
482	743
53	815
429	119
367	412
421	579
156	873
769	868
118	383
653	171
416	359
389	386
529	176
814	473
62	163
926	159
624	113
24	125
382	790
537	585
441	874
232	415
922	839
720	449
813	780
960	781
907	992
555	550
108	535
720	239
229	152
963	919
733	870
444	895
309	250
499	749
813	192
44	458
854	734
269	247
702	523
626	337
985	813
424	472
453	516
83	192
602	458
701	645
117	705
763	172
40	804
424	529
940	995
269	896
782	865
638	848
228	634
147	925
721	527
993	992
606	500
675	438
543	935
36	493
639	621
652	187
213	171
884	529
131	463
692	907
36	189
563	325
359	317
526	997
531	705
553	270
613	224
281	961
444	232
989	222
125	551
25	356
895	249
139	559
608	782
907	511
467	771
235	533
433	693
261	256
456	889
465	836
708	461
854	958
7	336
963	722
267	341
106	408
132	532
510	731
931	306
598	293
194	271
633	682
905	412
150	106
837	188
86	769
507	384
491	594
762	367
799	924
433	507
940	773
757	161
522	882
824	239
806	316
176	291
628	588
206	495
915	579
483	227
494	455
635	749
423	646
765	501
962	203
660	713
729	250
200	270
18	241
77	533
258	681
369	238
173	415
186	373
943	190
610	872
327	419
35	990
453	634
785	967
264	936
794	341
514	243
634	252
887	231
904	484
984	896
765	200
28	959
157	304
788	746
444	238
619	786
202	287
518	554
571	476
584	795
521	831
59	421
567	969
810	458
853	410
660	146
757	457
653	433
425	212
447	963
263	626
739	340
373	554
905	989
842	887
541	447
898	809
561	360
104	860
958	509
921	286
125	296
895	653
131	535
619	800
343	746
956	107
716	840
186	592
130	905
365	585
930	200
216	651
572	264
797	214
546	470
132	792
872	628
585	678
617	113
190	734
212	606
874	961
185	450
510	355
621	583
67	484
389	752
800	998
32	297
286	830
166	991
389	768
533	164
717	920
357	289
91	734
106	935
109	105
479	240
714	708
5	135
894	836
805	755
618	511
988	606
905	638
861	330
258	640
692	606
278	554
497	869
771	588
139	379
400	186
946	367
366	455
730	984
81	624
281	565
964	647
953	234
407	726
543	154
947	490
998	554
573	342
185	376
317	140
488	691
954	393
445	835
495	178
648	451
91	567
166	737
459	289
712	894
715	183
681	470
838	898
174	893
542	259
667	788
584	339
314	357
617	694
830	774
46	905
12	885
574	473
959	439
344	895
601	264
77	511
171	852
71	102
72	283
587	449
760	175
879	335
423	767
134	859
897	542
540	975
294	891
376	518
805	340
14	487
959	774
538	436
269	898
425	748
105	566
72	130
357	135
592	353
131	828
278	128
962	224
61	717
800	869
460	374
221	747
751	790
334	862
428	783
865	133
766	629
763	560
291	139
36	336
317	690
223	184
286	174
223	928
969	161
25	466
20	292
785	996
376	104
701	226
701	167
899	419
219	948
974	446
584	125
175	751
370	854
385	624
299	885
618	621
791	825
257	905
434	392
825	294
911	441
718	480
815	942
776	584
24	506
71	248
880	776
127	574
947	869
738	673
465	270
686	759
66	544
636	836
761	576
319	179
821	486
772	575
92	575
906	652
256	350
552	379
955	895
279	656
784	474
477	998
841	774
21	113
122	676
102	262
404	209
476	582
861	262
900	169
979	509
442	824
607	392
568	862
411	626
826	140
946	431
653	480
625	170
807	368
601	401
761	724
267	798
257	924
849	864
276	991
260	369
545	289
626	326
147	587
206	718
55	809
516	297
214	430
212	604
530	957
109	358
671	755
927	714
762	530
126	706
387	952
936	668
861	817
211	222
44	904
243	320
959	347
107	382
780	392
723	956
205	957
495	266
421	976
919	667
491	766
192	142
614	478
143	825
617	167
695	883
336	794
886	315
64	895
654	964
556	631
201	560
180	236
446	151
296	291
409	759
667	282
675	952
672	108
211	852
931	269
227	257
696	244
322	637
359	201
324	234
382	818
78	811
686	402
707	876
530	383
740	543
89	683
340	408
890	530
494	258
502	260
154	113
996	705
42	367
355	651
930	507
852	997
456	685
262	603
49	555
167	165
265	868
36	469
2	103
604	385
731	700
313	949
286	241
42	262
630	800
727	551
575	249
820	856
918	125
255	324
360	910
810	611
639	791
399	295
202	923
554	792
208	415
59	349
44	147
390	819
499	672
341	861
498	498
488	128
952	544
237	438
73	695
910	761
812	500
970	501
486	594
275	854
147	388
930	302
258	150
111	582
113	551
126	492
747	361
559	600
138	911
720	383
755	459
325	851
209	182
88	963
708	297
35	154
28	418
220	504
280	483
336	956
951	529
132	989
486	302
898	736
260	240
637	405
476	483
162	661
845	127
252	994
123	852
474	650
209	113
456	208
811	567
257	811
511	733
373	731
244	196
672	409
974	126
324	290
255	406
317	583
308	188
587	136
458	147
21	330
504	701
489	814
50	292
325	660
232	306
833	564
824	966
640	701
670	754
963	601
692	981
71	211
900	234
696	596
161	777
229	846
713	619
449	331
929	823
108	223
366	293
479	119
602	894
154	289
100	650
279	813
727	794
686	116
762	105
645	978
131	729
527	172
319	773
248	226
192	789
583	702
679	115
270	255
941	131
284	716
161	512
349	678
148	280
65	787
129	502
909	997
487	866
654	207
303	710
735	175
183	830
224	347
139	768
347	236
859	871
210	319
681	553
513	187
977	264
800	506
856	151
558	424
977	658
860	752
736	109
501	342
991	476
892	998
462	532
501	505
105	802
862	914
510	136
659	369
349	837
320	405
167	239
449	869
550	481
674	731
795	629
118	748
97	830
269	628
529	903
720	114
956	755
28	129
314	784
554	654
524	373
354	811
811	784
671	734
194	716
633	765
122	710
254	376
394	477
316	893
94	844
85	939
850	798
242	527
756	235
710	524
134	899
304	740
677	667
565	412
567	248
357	798
994	799
23	119
205	953
997	368
406	739
147	912
729	203
603	329
605	298
8	193
566	262
223	898
915	603
889	171
864	713
441	212
575	928
263	839
815	101
656	398
479	981
878	826
901	416
444	402
945	867
140	362
709	658
320	522
172	586
883	446
83	252
164	396
635	478
64	925
203	157
823	972
796	931
456	722
611	146
287	235
30	674
468	403
468	638
15	630
126	811
443	924
331	144
942	285
457	667
432	307
309	794
413	241
316	276
258	399
3	629
128	695
100	117
816	288
284	372
344	398
889	448
56	757
371	646
134	544
63	564
482	123
340	994
544	514
623	278
724	265
709	908
199	154
601	762
528	530
797	979
804	807
369	624
793	626
919	989
667	181
96	787
268	634
341	237
536	470
887	632
8	853
820	259
462	940
847	361
433	952
99	369
643	520
874	753
40	553
821	790
127	220
432	616
412	568
453	556
920	380
384	914
656	589
690	271
954	931
304	189
175	573
320	368
840	379
14	301
283	483
59	594
949	259
269	930
197	833
908	772
816	402
512	843
733	352
583	254
348	134
34	539
667	842
768	561
383	618
387	465
162	381
941	147
558	207
173	887
831	840
119	264
233	598
610	164
578	618
322	304
311	195
996	716
346	681
354	528
967	567
687	129
782	315
299	177
825	985
614	454
507	762
950	114
838	295
59	863
810	188
529	785
996	443
696	650
159	265
205	194
771	946
218	268
710	163
156	247
849	516
98	901
786	245
754	542
504	674
399	134
212	148
889	225
180	899
98	477
119	346
367	207
521	918
536	546
646	952
117	593
475	207
442	724
70	601
361	449
955	999
825	965
642	731
321	921
930	965
481	112
421	943
809	887
781	937
921	623
441	978
682	835
124	633
252	827
726	874
146	730
227	887
239	405
469	306
979	402
22	655
112	242
681	810
490	443
817	395
971	992
879	380
490	425
828	931
157	878
470	101
631	868
695	221
177	971
836	808
67	375
998	835
678	742
620	773
140	390
231	323
54	156
602	681
91	897
190	637
705	825
96	695
883	978
739	139
379	640
421	536
236	344
715	601
232	140
791	282
553	844
913	119
293	676
724	135
734	650
703	963
306	143
942	443
446	922
489	388
504	412
990	799
747	402
736	463
762	243
175	514
228	173
570	957
104	293
186	623
753	507
759	259
561	840
614	170
935	892
533	995
891	549
546	491
577	742
620	877
624	880
770	421
656	783
56	524
154	185
88	786
309	646
20	383
7	648
84	956
357	106
266	709
370	870
462	969
396	772
353	100
67	722
464	175
397	407
96	198
901	510
331	169
747	909
182	937
997	974
632	782
699	807
613	913
540	303
887	429
680	843
445	1000
548	755
770	219
126	780
922	621
513	854
158	859
608	433
992	913
1	846
918	474
37	890
31	161
132	811
826	527
570	359
535	955
592	963
368	842
56	674
849	652
626	754
956	559
614	267
379	588
108	163
111	435
393	723
443	472
44	943
547	958
25	358
768	555
744	650
555	724
286	549
999	294
654	906
988	603
239	180
343	700
923	324
913	450
796	725
147	479
292	753
564	345
230	734
542	543
428	139
958	748
464	889
707	478
976	927
831	555
139	360
447	512
698	913
679	559
792	961
68	282
134	164
482	421
61	797
501	621
133	481
45	574
484	974
371	193
886	284
533	601
632	853
371	133
941	268
152	681
825	435
790	211
281	698
706	491
367	771
403	630
714	294
377	465
356	595
146	916
590	468
894	775
238	645
96	304
377	198
165	610
784	863
925	345
504	670
65	242
165	130
718	981
779	129
294	884
953	756
516	557
581	874
379	605
79	878
287	862
238	729
766	698
200	886
745	423
983	963
38	496
747	815
326	765
913	533
38	125
746	323
971	201
947	130
429	495
786	159
63	166
433	905
246	867
36	811
788	100
464	784
579	390
595	878
917	718
521	203
155	574
17	583
296	928
107	529
742	373
806	543
73	494
956	161
304	700
507	278
908	934
547	862
840	851
608	448
518	141
981	892
358	940
257	690
132	229
754	563
864	596
631	816
968	586
96	269
595	417
306	434
93	647
693	104
651	577
914	148
755	359
534	996
68	616
346	814
29	467
367	514
854	728
869	477
247	428
190	276
577	792
899	732
516	802
314	746
178	798
20	115
857	485
619	151
349	171
99	341
189	320
680	652
149	392
551	761
226	899
865	574
252	363
85	349
223	461
855	616
877	595
853	277
85	519
69	889
327	1000
371	209
828	901
768	611
497	903
711	703
986	601
628	806
966	165
423	959
534	103
201	758
988	288
515	871
878	264
293	328
177	801
469	425
995	399
954	294
15	134
363	676
392	304
40	474
825	764
768	269
813	215
683	770
746	793
475	953
432	472
717	839
551	238
109	790
227	818
992	325
140	564
592	368
379	168
392	195
624	760
366	240
235	361
594	694
215	120
342	163
159	488
831	305
128	562
311	619
946	699
907	877
646	318
607	999
302	515
874	536
954	314
840	648
148	563
3	995
137	207
996	204
235	662
103	129
278	797
590	279
107	237
712	793
900	931
476	834
30	461
54	350
439	907
27	789
179	735
528	473
546	338
572	321
357	474
338	790
483	520
459	336
414	384
197	572
584	811
893	564
590	841
722	298
286	586
570	202
821	597
266	155
959	427
454	129
817	250
372	678
73	661
29	143
478	256
846	631
301	831
611	980
659	196
194	846
101	476
513	184
970	593
951	869
229	973
489	350
618	210
200	231
267	133
629	537
334	792
426	638
325	461
583	198
866	391
427	933
35	852
952	595
883	218
617	262
656	567
43	118
71	127
413	625
864	929
434	839
547	210
444	901
885	423
485	564
799	317
877	633
892	903
681	708
183	454
262	488
421	751
871	985
149	141
59	869
824	338
18	195
330	202
954	327
741	629
888	180
625	555
28	977
26	287
35	324
630	316
187	921
355	212
559	200
559	655
699	400
690	435
142	815
310	254
288	743
85	445
179	253
970	881
815	757
577	137
316	829
370	869
727	656
760	648
827	303
106	290
945	763
756	116
688	780
109	403
726	465
64	227
871	669
648	890
354	653
378	726
653	215
440	539
131	579
528	455
448	926
300	120
579	883
623	901
3	827
198	514
163	257
728	106
327	274
951	637
298	356
60	656
327	784
79	897
833	392
682	182
831	233
943	954
99	156
575	594
123	278
377	870
712	673
258	660
406	402
961	107
284	357
74	156
554	984
888	406
805	472
412	606
774	116
474	722
928	355
115	775
61	525
497	553
559	112
669	713
971	371
727	546
212	658
672	405
987	750
501	573
883	802
176	541
217	423
564	414
697	650
295	741
8	917
267	331
280	822
333	915
735	350
652	317
299	324
161	799
57	953
944	197
450	894
932	550
106	480
389	339
819	572
849	760
328	774
53	459
468	177
241	736
588	714
349	539
338	787
55	553
36	612
125	248
345	935
733	917
432	950
586	553
989	809
116	885
843	489
312	615
891	654
779	760
934	851
918	344
85	598
50	131
951	412
914	221
120	312
856	716
933	769
453	347
575	890
301	757
796	593
309	477
570	980
978	563
81	192
53	287
132	344
502	209
101	291
722	667
18	989
174	948
336	581
859	690
853	858
947	372
898	258
156	494
771	731
969	627
939	559
796	822
713	381
412	945
699	967
29	746
990	181
166	288
956	484
297	928
869	992
816	729
747	449
926	658
718	528
21	665
236	487
988	570
268	741
689	681
883	729
613	514
14	506
314	349
715	506
1000	221
170	715
656	577
660	313
231	521
51	234
282	445
499	490
716	580
613	390
505	759
875	867
367	268
474	868
862	864
994	273
825	953
115	245
932	304
323	907
997	622
763	579
858	192
875	571
630	113
604	112
357	638
646	857
464	784
348	531
690	920
858	217
503	860
491	287
378	197
166	260
895	445
581	248
730	496
996	556
370	622
410	989
332	456
78	156
357	509
957	464
938	766
368	343
8	976
794	266
441	264
818	842
666	299
625	892
821	276
598	887
570	558
448	777
787	263
727	114
23	926
772	782
728	376
361	377
86	262
241	233
707	537
225	241
182	322
347	758
789	160
11	169
405	208
968	519
586	915
497	469
236	843
55	195
290	621
559	996
737	365
438	364
543	773
578	454
816	248
357	766
648	187
142	636
493	334
121	280
432	537
923	817
701	123
746	817
637	755
475	422
644	437
77	727
847	397
465	231
411	315
739	911
171	437
837	672
755	132
986	257
853	619
719	582
248	290
520	583
314	910
685	222
760	809
518	438
76	431
253	739
36	684
690	185
842	909
496	530
906	362
953	140
669	248
175	140
87	114
996	182
730	141
463	370
887	524
553	604
27	141
526	165
337	433
777	305
622	518
942	336
761	959
410	864
874	443
44	568
334	871
466	899
249	509
52	695
388	825
930	120
566	456
120	973
164	442
523	684
825	740
845	243
946	726
777	816
444	483
44	403
926	632
480	923
895	368
911	541
280	716
112	277
202	633
268	152
842	783
665	305
968	666
386	989
214	260
943	402
977	536
873	678
761	729
303	250
207	669
165	470
286	555
338	854
926	625
372	453
329	117
314	764
953	614
205	310
945	619
460	217
497	795
467	663
847	830
763	529
467	225
568	846
534	396
829	657
334	458
62	782
825	541
665	531
636	231
7	749
13	277
818	807
913	961
547	750
446	465
519	662
732	800
666	310
786	673
779	257
975	159
227	341
518	908
915	550
779	792
702	363
694	603
471	892
970	167
285	742
495	101
366	635
355	551
630	378
174	202
605	419
244	222
368	956
668	109
576	264
215	587
595	856
276	566
659	273
760	602
239	246
396	784
923	418
24	703
126	130
393	855
329	977
418	278
968	555
472	400
937	321
214	828
827	251
301	576
927	508
40	490
261	225
37	273
831	311
782	488
842	821
156	813
326	520
473	217
542	837
376	326
937	288
64	576
203	962
904	634
473	294
754	437
288	100
822	994
769	256
24	656
828	476
722	132
993	545
825	994
4	454
613	711
952	726
400	796
207	983
249	938
596	354
871	265
197	624
780	185
562	300
236	560
574	830
741	891
448	543
178	300
876	352
58	202
97	480
688	953
886	223
329	911
717	476
669	994
421	538
295	1000
909	374
995	919
586	482
620	427
647	110
835	393
37	925
468	116
775	881
860	280
844	869
194	157
216	895
61	137
628	839
490	510
101	552
825	642
615	648
992	378
110	591
900	559
467	535
6	494
703	667
897	226
231	995
165	124
340	726
582	241
295	853
192	711
302	497
123	606
997	404
894	823
217	117
738	343
281	816
331	594
61	855
551	785
579	275
205	218
336	241
891	945
494	470
841	748
626	187
628	1000
851	636
170	607
243	156
644	610
475	541
855	854
686	298
998	225
891	264
494	185
822	143
97	903
325	202
197	967
161	362
784	646
747	591
496	179
784	870
973	873
678	381
962	100
721	504
204	771
840	484
207	1000
854	717
364	107
110	857
25	515
87	956
969	324
992	237
318	351
100	920
114	957
957	588
39	459
226	333
938	594
619	753
484	799
698	962
695	240
601	933
886	690
330	612
764	166
564	271
382	517
142	636
987	876
853	425
347	137
965	250
892	604
956	755
302	832
505	748
630	623
751	596
93	227
974	249
213	969
248	184
820	650
523	511
667	917
759	953
239	937
602	792
737	105
32	399
957	612
380	406
423	792
59	663
191	369
126	269
503	231
865	495
478	243
263	295
913	255
716	188
869	907
322	778
848	797
179	777
505	592
651	418
513	594
807	221
46	266
718	824
280	541
815	487
901	801
524	527
217	128
187	116
849	863
276	756
501	967
778	514
636	866
390	370
19	483
755	363
448	368
6	636
453	360
140	238
739	475
429	405
471	583
281	129
343	309
656	900
644	141
879	825
923	105
169	468
857	939
609	277
639	331
980	187
140	733
197	667
34	642
37	486
47	269
877	103
934	765
545	237
922	580
188	119
137	248
545	171
306	639
143	177
647	471
657	225
257	515
707	127
559	236
227	474
356	205
902	236
989	574
893	241
316	261
444	937
581	876
436	493
882	307
754	910
113	266
681	418
245	428
242	596
353	351
831	178
687	344
642	834
370	532
234	159
909	719
95	550
57	230
866	434
189	862
206	672
919	557
590	573
242	193
144	346
145	320
664	566
883	210
873	370
730	904
529	753
483	254
989	999
387	535
587	427
349	881
944	141
612	927
725	494
182	133
608	709
120	915
74	692
627	621
406	505
535	199
512	608
798	505
190	609
854	468
78	925
682	272
888	243
524	976
267	961
382	454
397	145
55	516
603	268
98	514
81	648
673	715
363	442
249	454
673	578
146	892
806	434
776	161
238	920
989	1000
634	910
367	879
399	332
61	651
891	954
463	252
219	837
174	703
20	165
783	234
57	167
281	695
945	140
1000	490
545	504
996	708
844	558
973	848
197	488
872	163
164	825
136	388
178	675
656	122
654	573
431	103
941	490
707	169
956	653
425	464
892	510
635	965
171	308
801	963
791	353
3	574
182	727
988	295
810	106
471	856
644	642
28	197
850	438
495	254
623	594
248	344
701	531
479	724
990	270
20	190
753	129
383	247
792	367
835	211
645	201
938	953
864	560
548	281
666	277
573	747
395	770
493	671
88	568
720	305
470	380
651	676
605	367
458	761
858	168
845	277
558	482
234	480
504	345
640	581
152	627
522	539
914	150
851	224
453	366
789	244
809	597
860	879
138	344
934	723
736	742
524	315
503	284
35	879
604	750
187	168
920	371
360	348
975	601
816	700
802	440
53	334
518	609
272	419
888	978
269	492
412	938
164	360
145	771
597	149
142	391
245	116
100	324
945	365
609	166
275	994
776	784
215	760
603	184
993	541
202	160
70	775
321	953
154	413
923	255
159	921
100	327
548	106
79	144
816	334
606	108
546	576
704	901
976	419
91	741
330	712
484	731
478	817
105	725
214	257
806	705
350	890
770	577
661	244
846	460
156	140
680	343
774	248
93	511
340	960
747	556
878	187
664	616
849	238
650	542
712	613
96	626
737	661
545	643
685	519
73	699
940	494
376	661
309	624
150	604
292	320
108	306
155	828
55	492
975	464
725	455
673	691
682	887
66	876
608	144
348	337
996	263
707	948
6	567
437	659
988	610
509	714
942	306
341	170
808	325
217	475
377	289
272	541
668	576
257	452
916	569
501	891
161	170
691	140
337	914
229	945
821	287
703	280
818	339
790	559
731	266
640	929
154	898
926	123
777	383
534	267
228	554
514	609
897	143
162	901
558	367
137	795
69	551
159	461
482	796
695	963
677	505
200	883
531	238
911	938
947	143
711	870
964	498
519	862
875	594
601	291
955	114
861	682
23	365
288	270
336	834
415	713
259	396
44	554
783	666
657	737
725	708
211	235
482	232
175	441
720	690
267	395
641	694
613	169
512	478
176	309
22	438
285	667
337	999
592	228
441	716
329	913
70	539
545	132
164	995
112	791
327	766
738	686
923	135
340	418
595	328
135	726
449	160
75	329
384	757
585	123
671	824
865	956
651	878
849	105
831	366
411	760
966	331
519	747
145	235
413	179
120	211
241	740
944	832
892	662
31	333
569	127
796	758
448	728
350	783
769	744
358	812
343	392
439	781
751	362
748	512
235	215
154	765
351	974
580	549
48	534
92	535
630	370
116	170
14	693
715	522
505	917
675	720
214	883
765	110
906	215
20	117
340	384
970	231
264	205
417	750
331	502
260	348
426	862
114	827
987	719
546	489
671	817
33	808
664	226
4	991
997	741
468	539
655	777
32	284
118	173
957	641
843	328
526	817
482	142
603	335
133	857
904	551
762	739
455	345
369	712
857	110
71	651
145	785
896	554
930	457
258	995
763	166
848	950
178	976
706	515
735	312
954	756
738	981
233	655
633	619
762	992
762	458
937	223
73	979
931	788
675	630
511	176
849	895
252	934
565	109
454	329
952	211
123	884
558	925
4	375
11	207
237	973
848	842
873	724
830	148
154	248
271	367
462	342
731	161
516	106
629	220
30	618
886	171
897	219
58	300
870	535
501	359
986	213
166	910
246	879
382	302
151	520
696	929
389	446
695	320
600	797
524	269
358	437
639	641
204	863
315	358
927	695
86	247
594	605
816	554
951	815
106	920
531	166
83	159
616	387
118	693
155	527
464	727
466	941
783	461
536	227
692	257
583	328
249	666
52	426
579	123
963	431
952	140
616	999
153	477
948	131
566	752
395	659
248	253
749	198
301	876
62	595
596	529
11	821
747	196
267	903
812	137
503	544
85	975
140	834
319	520
722	999
252	123
124	219
376	483
58	217
528	895
876	295
436	480
472	415
328	172
232	629
889	658
808	583
421	714
451	515
906	611
328	611
283	176
668	647
69	650
120	241
235	597
215	335
388	914
812	663
94	584
48	620
118	487
65	278
250	329
727	695
323	265
267	598
17	277
343	696
395	939
342	261
703	389
462	699
971	361
857	275
135	145
976	826
907	300
105	687
228	122
871	528
194	833
1	336
780	142
632	952
263	703
204	747
267	268
248	610
246	375
95	289
466	741
508	167
133	779
908	754
721	489
142	148
697	320
904	721
48	969
692	807
219	895
824	169
197	779
998	414
221	603
561	342
445	307
555	669
645	813
416	207
896	831
643	791
514	239
808	515
327	581
173	443
531	469
969	474
188	102
87	974
611	370
86	379
689	253
194	237
378	303
606	167
544	337
694	418
586	982
4	390
324	163
697	124
755	129
73	364
941	952
323	719
666	945
968	753
6	818
532	826
400	146
382	715
809	157
806	296
404	648
44	280
151	137
583	645
242	776
285	135
424	326
737	462
275	269
195	638
477	258
436	851
425	644
301	294
639	223
222	582
361	897
314	850
536	940
967	773
253	436
586	532
179	162
730	932
265	294
235	321
329	955
589	571
874	282
413	388
788	663
280	854
212	537
197	316
807	686
521	898
272	570
773	141
373	424
950	421
587	351
93	625
467	878
511	132
685	349
677	102
961	312
939	848
590	663
120	694
743	820
170	670
371	452
407	375
415	809
625	518
253	771
532	380
390	660
895	749
923	386
415	427
940	637
562	223
904	860
940	573
924	247
122	623
837	888
803	477
487	240
316	245
791	465
874	427
655	248
729	476
827	504
759	791
710	975
496	560
6	904
810	139
875	265
293	723
527	770
963	927
328	857
297	920
155	658
285	355
856	409
505	863
520	632
430	519
731	471
103	714
368	494
464	708
351	366
83	128
346	176
183	969
804	307
668	505
554	558
139	542
329	263
72	334
749	117
609	747
862	947
331	363
938	587
984	473
117	406
901	239
714	567
466	656
585	146
410	912
819	868
230	148
301	867
644	946
266	691
173	120
557	797
593	581
12	680
66	478
666	740
436	278
374	620
873	192
735	643
442	907
119	873
614	646
111	937
336	844
783	476
773	500
574	462
860	766
52	278
537	563
494	680
614	143
898	988
668	244
890	479
254	240