10000
900
473	127
808	164
231	992
380	442
811	784
150	813
592	253
903	147
488	465
989	882
98	515
233	262
544	945
424	256
291	368
509	314
456	102
480	412
190	957
390	275
162	850
692	474
844	748
151	244
260	749
664	464
824	421
762	833
297	781
905	204
42	628
70	539
611	362
768	693
286	756
935	501
955	139
636	795
421	282
225	740
589	668
951	162
409	638
330	883
427	658
812	721
39	657
986	992
905	101
859	322
340	991
436	712
249	575
688	960
955	686
375	716
857	905
530	457
202	809
179	383
484	547
143	956
307	230
645	354
813	172
722	780
239	461
312	727
757	819
210	554
540	742
230	188
851	561
814	771
800	515
525	214
181	251
173	130
867	692
284	970
853	294
393	838
225	961
473	952
961	543
465	883
286	776
71	962
751	859
447	381
869	911
975	533
956	340
150	965
233	420
159	520
520	661
34	224
742	823
732	486
552	480
833	354
151	679
158	971
173	929
554	383
949	632
149	981
26	610
613	232
453	730
897	597
28	388
464	356
545	446
838	213
135	930
185	626
318	583
229	872
268	530
697	232
990	418
323	838
896	923
367	930
141	595
830	482
530	303
544	637
499	778
143	491
810	125
615	446
719	918
586	968
260	536
161	586
691	391
410	162
711	237
725	357
410	592
262	995
472	421
35	499
387	432
186	299
303	427
239	820
575	108
788	463
316	529
513	261
358	541
772	851
354	801
228	983
988	510
627	627
205	489
404	390
399	421
639	531
753	942
956	746
366	781
304	347
715	272
227	313
39	856
602	395
321	781
895	627
161	282
602	735
828	387
142	916
101	129
479	176
224	424
291	338
648	180
391	852
937	840
12	919
34	707
269	354
796	540
206	359
676	777
44	752
634	324
70	111
898	321
877	400
247	408
454	150
841	794
590	966
283	756
319	675
246	934
876	704
573	141
293	437
24	937
624	143
393	365
622	966
70	805
946	808
571	278
257	222
440	866
683	822
229	328
11	234
226	116
14	913
432	211
229	810
679	325
126	156
33	618
98	979
847	446
588	410
444	280
208	919
7	796
833	340
590	492
492	253
651	116
931	411
726	787
660	572
630	660
313	687
246	814
290	705
599	250
919	191
626	470
176	534
547	371
154	147
680	978
958	750
421	325
402	101
664	748
730	155
940	966
598	292
902	633
37	868
589	824
303	385
535	532
247	687
408	412
617	660
42	557
714	495
467	819
605	641
97	1000
223	300
852	620
923	425
313	678
100	263
133	302
163	469
186	117
47	334
584	552
572	835
260	295
77	466
856	309
842	913
38	796
539	686
978	428
507	959
54	642
982	236
971	693
129	423
157	283
925	873
202	234
932	186
30	827
731	656
799	601
248	910
613	801
623	938
180	326
203	607
36	296
62	492
562	581
777	355
538	349
365	104
770	499
21	620
783	200
133	307
524	565
423	833
409	189
54	692
791	951
154	484
951	735
92	888
739	856
871	508
381	452
242	610
711	929
741	120
930	315
539	442
680	226
46	403
612	923
20	408
655	264
971	861
204	179
25	676
259	395
610	883
926	444
230	166
987	315
863	357
476	570
25	273
738	315
187	851
199	968
262	142
884	641
430	793
836	583
424	188
759	321
480	616
798	189
26	341
217	809
633	948
747	947
48	514
593	359
98	245
364	893
973	704
736	663
601	564
296	451
334	630
356	504
725	106
992	408
65	591
113	229
777	947
403	296
956	704
991	843
440	125
841	905
425	153
371	293
637	366
389	239
772	274
407	893
175	461
893	561
520	276
481	892
3	138
102	419
615	749
101	897
593	787
303	439
178	432
596	858
816	660
613	821
186	969
66	364
38	164
734	254
910	116
790	466
902	410
825	349
556	568
470	628
147	442
574	990
129	745
708	574
373	394
329	746
357	864
600	973
516	265
95	574
300	990
547	571
716	345
756	627
927	463
550	629
140	275
593	304
784	106
287	512
249	739
373	919
419	340
297	658
267	236
61	619
585	178
518	111
62	784
335	409
173	894
924	906
281	501
167	536
456	245
56	379
276	619
73	583
160	135
174	587
2	359
409	474
81	801
110	785
524	251
452	563
439	569
959	387
235	206
568	994
280	506
991	722
480	395
903	239
211	925
79	102
927	704
796	477
990	389
106	708
778	128
7	388
283	189
677	678
924	150
605	926
711	223
932	256
331	546
34	321
441	147
568	129
251	487
716	351
763	255
258	673
601	774
817	882
896	439
316	923
25	377
818	334
172	277
5	726
169	792
976	944
906	685
483	658
765	147
686	286
158	368
676	682
729	890
760	786
740	429
469	154
68	399
920	788
23	984
570	432
920	379
805	570
629	240
393	280
399	260
841	345
378	335
469	539
190	113
194	924
557	228
489	166
186	953
463	207
280	129
361	376
701	140
752	240
788	629
691	697
784	910
56	282
843	611
106	704
697	300
406	524
159	955
129	238
281	215
455	512
889	788
69	514
579	853
480	532
999	182
311	450
399	772
761	680
433	580
509	842
285	351
796	261
442	358
797	527
323	812
277	527
986	451
760	610
611	335
201	191
462	691
515	603
817	423
267	515
559	848
777	142
418	135
697	249
654	418
919	224
543	344
387	877
260	938
347	414
53	758
596	870
501	130
940	678
659	460
228	826
637	649
614	598
2	201
21	658
64	902
716	715
421	317
388	243
923	155
933	683
362	504
71	176
286	911
439	724
854	501
452	587
134	461
255	574
623	800
926	848
972	950
344	518
321	859
378	460
243	828
956	961
666	767
490	211
871	127
557	211
168	496
345	829
763	176
617	931
955	842
808	560
410	650
772	385
243	695
515	842
783	786
730	460
693	705
344	503
147	751
546	874
14	594
147	734
176	724
104	627
551	909
252	126
445	759
354	789
220	282
614	781
308	257
977	622
234	919
512	622
57	204
534	728
799	727
985	706
985	924
248	145
915	289
482	414
631	306
470	329
612	519
311	674
683	475
965	556
236	509
315	976
828	233
793	333
533	694
586	784
918	135
266	793
566	411
830	700
31	597
71	312
827	202
158	944
80	582
605	946
884	481
607	257
857	998
495	538
241	776
430	832
252	842
285	251
862	554
481	381
495	405
903	663
206	298
552	233
237	162
391	979
984	824
436	765
491	998
782	542
22	212
610	903
122	703
248	247
973	492
331	208
322	872
591	528
689	567
651	456
198	937
420	158
569	174
410	946
720	440
679	561
309	790
305	361
958	389
975	604
448	439
179	842
521	704
869	874
349	392
7	871
73	710
628	502
924	410
128	402
647	922
61	635
826	871
546	551
808	819
550	192
520	689
370	402
473	124
456	825
464	988
164	193
900	880
414	593
421	362
258	972
375	883
954	678
863	982
842	416
999	221
781	559
138	877
977	111
349	155
330	324
352	330
979	134
246	813
648	283
741	981
766	416
739	521
741	194
358	823
755	698
680	632
988	853
556	558
600	216
195	639
175	999
147	772
799	287
159	360
642	243
668	509
544	274
459	218
735	160
313	419
204	524
78	964
182	133
745	956
386	134
570	818
948	138
486	709
106	499
585	889
86	100
869	819
20	872
706	813
981	406
96	591
438	128
208	343
265	174
959	669
319	240
866	977
173	940
667	574
659	996
822	280
658	805
36	750
520	357
460	548
58	962
178	161
196	362
382	740
173	145
440	449
125	274
869	438
578	491
48	759
745	804
66	497
630	613
101	879
736	789
353	793
378	438
398	209
391	640
951	217
283	373
879	478
111	365
263	380
954	420
74	893
144	775
850	725
476	255
923	453
54	906
990	602
29	108
950	691
553	387
653	490
57	738
263	958
250	181
506	550
138	573
762	498
671	619
256	935
72	863
681	591
89	554
933	599
563	301
787	304
397	589
960	793
558	892
412	844
402	688
835	153
581	583
373	608
685	254
755	192
429	622
435	470
372	839
62	547
765	285
382	712
370	343
323	271
188	896
639	753
766	380
525	144
867	427
681	621
832	386
973	619
609	495
711	941
131	822
202	118
728	293
216	840
629	146
188	696
883	716
729	789
259	569
988	339
994	820
621	888
846	588
451	978
909	177
552	349
627	935
58	865
337	212
826	705
866	625
787	314
382	719
762	526
961	978
936	339
468	753
62	958
928	597
696	120
123	902
806	835
631	509
710	763
179	483
550	280
327	476
611	109
894	748
223	916
851	932
438	202
279	952
577	465
949	387
120	581
903	434
372	200
630	946
169	518
952	915
634	280
408	542
138	915
29	819
69	994
794	428
444	324
858	648
601	310
699	861
571	800
836	827
65	684
614	507
25	881
865	670
627	790
10	237
499	302
665	463
814	962
266	591
869	752
611	836
639	633
863	773
434	907
319	856
568	883
115	146
589	465
266	710
41	101
780	562
527	942
639	721
392	743
743	693
63	241
976	942
77	686
201	358
893	213
247	174
799	299
396	320
970	992
294	486
39	329
426	830
630	607
80	482
466	245
598	146
835	233
339	646
417	558
710	929
97	561
166	740
572	292
295	268
632	900
779	372
800	235
744	513
552	874
963	191
891	186
817	637
345	766
314	199
25	893
517	427
373	620
985	558
861	189
536	717
149	197
63	425
955	971
36	130
694	275
752	757
83	984
640	787
162	817
849	436
704	403
23	515
25	415
27	722
401	767
916	959
487	623
783	659
912	466
956	318
334	858
800	788
518	390
60	940
939	695
905	356
767	481
441	438
318	639
698	465
960	498
538	823
307	339
426	721
167	491
54	852
778	189
733	407
363	574
53	135
933	587
907	920
152	753
89	331
765	911
737	318
920	182
236	258
486	326
270	750
846	260
407	158
64	679
132	768
874	126
46	524
424	313
552	184
918	966
306	505
781	137
294	704
633	891
469	525
396	817
648	717
934	301
769	686
611	125
373	278
648	342
737	534
532	708
731	147
226	434
473	653
177	534
873	151
788	902
382	162
718	457
851	445
942	953
151	797
275	494
407	635
6	838
955	590
550	583
742	485
244	777
826	831
372	540
646	221
150	889
248	129
490	907
54	902
212	864
902	624
146	487
604	859
264	916
784	967
321	246
605	188
460	322
366	941
14	874
143	555
490	913
994	906
171	376
605	244
171	958
203	195
446	327
446	950
929	883
408	641
819	847
410	196
576	448
131	754
677	122
42	471
53	299
715	881
240	333
675	947
605	623
197	538
347	880
763	497
686	393
187	217
30	558
564	497
585	973
221	662
319	245
727	527
598	301
516	795
174	248
216	553
7	129
192	393
910	887
252	366
545	974
8	317
329	833
530	224
572	326
698	942
84	138
650	975
860	582
360	746
791	704
276	443
225	439
275	688
985	565
649	531
592	212
422	471
632	114
905	883
137	905
369	727
322	843
90	962
312	324
885	669
80	977
317	789
325	432
375	579
983	119
848	957
80	787
384	266
445	567
99	538
908	455
698	402
880	672
647	444
115	423
715	962
873	158
464	731
344	934
671	595
663	880
820	628
474	835
321	259
519	922
245	431
901	530
833	788
771	921
344	541
13	551
712	455
161	665
720	197
681	454
983	374
94	200
587	738
399	475
182	925
831	970
360	703
812	964
905	476
865	416
2	404
954	176
695	641
965	406
306	999
337	544
961	848
390	345
704	680
795	225
333	334
44	596
377	842
719	935
918	820
589	240
930	471
163	749
154	571
870	111
730	663
812	404
605	127
739	659
702	203
443	517
791	803
277	753
427	922
772	498
634	655
363	777
648	597
964	713
242	904
662	227
61	435
151	997
382	534
76	549
801	872
307	325
397	406
359	698
741	522
812	190
49	857
958	807
333	890
678	448
143	662
375	593
186	175
626	528
471	501
410	988
63	968
917	131
389	926
862	292
51	734
956	342
339	140
633	278
957	351
261	463
702	478
423	396
370	882
702	707
626	356
293	153
383	312
728	659
977	109
610	939
246	630
398	500
488	489
275	989
501	262
679	402
720	873
892	708
195	868
13	610
854	919
40	264
410	333
356	467
796	910
224	841
880	919
342	953
767	513
35	855
709	742
339	905
937	550
161	191
908	236
30	742
888	284
920	660
954	622
221	305
875	426
257	220
215	859
913	928
578	203
434	858
900	210
774	285
346	418
575	738
766	596
303	497
541	685
743	897
994	453
583	601
877	801
787	181
631	371
741	770
594	240
32	800
336	258
312	214
508	513
428	332
542	570
499	153
274	328
781	338
247	580
238	102
764	930
954	344
683	539
109	482
630	197
555	696
260	418
120	112
953	779
71	653
942	755
712	173
468	880
709	420
363	137
806	107
573	422
896	279
575	400
172	111
243	169
697	379
297	569
175	800
78	599
890	494
912	189
121	871
549	596
866	781
198	613
49	845
485	954
416	195
258	569
411	656
481	150
110	569
731	646
437	645
34	724
383	645
746	284
39	241
863	606
748	190
45	814
196	970
251	498
957	312
686	398
994	339
18	483
891	636
864	175
903	285
383	987
12	877
307	156
152	504
311	882
960	546
286	582
308	497
939	228
544	911
69	452
763	398
790	644
870	860
413	139
911	295
642	683
615	499
187	115
990	629
49	876
669	274
737	180
141	155
13	622
101	837
599	359
405	872
661	987
179	733
56	395
697	322
423	110
255	720
515	462
447	996
544	984
562	333
913	619
602	374
939	252
394	331
676	399
949	863
384	498
453	582
663	870
332	937
138	461
463	485
813	413
675	233
34	899
493	283
166	575
610	704
974	326
913	303
561	921
859	554
454	194
234	884
400	505
493	928
849	554
537	973
674	459
306	313
903	458
126	187
424	436
91	527
368	936
495	776
928	700
889	662
475	788
235	477
708	878
329	640
687	710
923	781
742	198
936	688
344	852
3	498
833	618
822	291
484	122
562	160
212	973
673	705
352	515
411	962
744	469
388	288
20	962
766	473
586	553
342	294
910	600
299	211
40	860
930	580
142	223
815	340
149	206
721	888
594	237
199	687
662	887
392	482
951	418
54	978
660	668
899	112
490	395
176	820
134	349
969	630
790	291
155	881
743	259
90	929
393	587
875	889
285	411
541	918
788	973
138	683
826	620
908	340
128	275
605	547
196	347
205	537
523	318
277	392
58	413
80	508
749	560
679	811
69	937
247	641
152	442
36	197
261	164
396	322
637	183
146	820
711	253
2	298
919	562
693	329
518	853
188	564
484	629
590	452
246	220
782	884
263	234
929	657
972	780
373	504
656	665
280	996
945	791
363	411
838	989
976	804
713	195
27	937
128	878
701	457
156	464
227	308
829	439
75	547
864	200
202	994
652	888
668	225
554	337
854	368
731	668
765	265
271	209
354	945
656	408
231	960
786	848
410	478
290	377
160	247
929	447
512	272
458	979
89	837
784	698
231	452
451	662
18	553
781	931
596	501
236	566
73	208
724	835
403	472
190	630
550	884
292	804
981	623
994	861
63	249
251	636
515	326
991	229
156	284
456	723
971	557
79	386
812	806
623	296
89	749
174	928
69	210
321	353
149	870
54	917
319	988
964	648
119	455
10	278
200	418
154	759
52	646
509	289
420	255
481	856
756	781
28	116
186	433
807	894
290	329
535	573
823	988
247	827
750	983
430	397
55	814
662	664
229	576
763	641
772	309
948	675
912	348
5	455
632	549
97	714
936	522
965	331
383	871
92	808
670	433
355	982
891	859
36	298
48	723
463	130
709	117
454	964
377	710
161	812
962	470
312	402
580	689
180	343
783	833
291	267
621	229
190	893
435	369
823	471
684	368
201	106
56	494
87	289
925	622
477	412
62	598
297	848
443	605
948	900
812	662
914	960
656	527
917	152
290	933
194	539
242	437
407	354
36	423
551	380
518	631
296	169
711	357
374	870
378	637
15	303
613	515
573	750
673	156
650	961
780	577
108	273
159	372
265	669
599	468
969	737
913	533
305	932
458	961
328	689
615	964
9	389
305	681
105	925
155	533
693	400
483	227
291	183
68	224
943	130
597	266
14	284
793	186
645	125
84	635
918	375
439	375
859	910
436	921
861	410
750	305
961	518
271	153
367	300
347	553
586	943
22	700
27	197
508	827
772	610
625	999
595	630
720	909
94	389
529	583
520	929
990	968
228	590
439	949
118	107
811	314
222	522
846	114
93	479
446	361
819	572
728	957
696	354
839	913
825	423
247	850
273	869
846	208
715	747
614	871
387	613
900	452
946	641
714	532
556	893
479	590
219	730
463	309
760	285
591	405
83	138
502	217
618	186
482	213
536	900
317	807
459	962
332	677
897	824
293	731
507	239
687	327
462	984
644	363
841	627
757	623
897	190
624	443
433	120
81	950
528	677
555	953
700	883
254	777
960	200
916	874
549	850
625	723
421	450
845	982
964	754
595	309
678	684
864	220
63	202
589	692
750	845
578	205
925	496
23	662
975	377
608	322
953	514
74	624
578	375
653	818
837	179
493	373
293	200
989	743
426	937
101	822
900	875
101	917
229	485
166	752
345	530
980	842
34	182
994	971
108	371
180	400
522	252
220	170
434	641
576	287
482	736
643	253
739	743
313	466
724	904
649	251
40	283
567	895
767	734
917	126
193	215
932	188
69	148
461	646
683	496
427	303
552	904
569	467
106	868
147	555
299	686
256	724
710	891
342	486
239	522
32	411
668	656
12	646
301	367
979	407
279	297
390	359
292	973
395	525
357	735
172	448
259	786
739	967
229	779
118	422
486	656
915	729
232	972
265	407
846	193
210	763
817	326
660	211
419	295
453	948
507	410
15	238
139	134
883	664
561	719
310	676
425	721
316	370
413	216
608	925
869	401
594	211
974	491
669	284
101	496
451	799
113	672
640	377
380	954
746	576
507	998
822	676
910	974
19	675
199	376
440	768
94	508
859	105
492	521
1000	406
935	613
295	962
741	207
265	590
911	259
734	983
243	161
910	698
925	394
717	229
924	751
540	421
821	195
147	916
271	396
115	806
275	890
404	699
468	202
304	471
610	740
551	205
467	410
78	170
399	769
818	611
590	152
380	336
580	625
26	660
122	586
238	415
347	664
680	425
297	311
957	272
31	364
842	114
482	601
740	784
744	225
103	231
999	714
865	249
260	129
834	441
451	543
457	928
478	242
744	899
882	149
513	817
361	331
564	395
189	735
790	199
269	526
594	751
926	191
903	999
866	621
773	519
818	236
714	517
760	683
649	846
493	612
557	879
852	337
436	847
573	667
294	681
101	965
645	349
253	442
555	610
557	530
454	964
932	177
688	368
785	552
723	881
816	669
308	261
21	658
707	156
433	352
515	917
427	260
814	162
615	672
203	743
227	993
448	416
196	898
363	154
105	750
742	166
750	456
683	523
144	404
960	814
660	807
117	711
15	678
57	334
768	685
764	665
220	778
19	263
839	659
213	347
682	359
628	472
918	872
42	580
694	740
86	713
458	490
356	232
915	815
29	280
258	631
284	344
506	132
351	559
925	530
22	468
130	964
109	952
382	104
458	881
330	803
501	774
924	576
323	888
874	337
93	579
457	530
845	576
320	798
466	253
927	382
489	199
235	942
745	656
814	579
123	547
522	337
619	435
999	970
289	720
866	107
908	634
982	801
653	873
425	516
76	408
549	583
393	198
19	731
210	947
580	273
440	342
458	735
475	657
29	798
399	661
678	577
625	336
560	516
203	102
539	457
917	511
734	818
149	789
895	145
566	599
854	619
745	798
181	288
247	968
838	769
701	689
399	223
381	127
214	231
625	278
423	942
603	662
679	623
24	173
63	161
719	515
371	736
866	371
983	713
647	906
682	424
874	398
429	336
695	559
237	576
981	293
704	911
133	556
63	379
806	685
71	498
500	712
703	763
507	432
815	806
96	363
697	524
994	720
638	985
982	589
665	172
254	572
493	181
383	412
143	552
572	356
290	580
772	133
605	683
398	595
209	326
218	525
995	749
920	276
274	103
245	996
159	806
978	430
888	451
642	920
317	735
98	322
257	137
374	639
611	102
370	203
447	900
580	257
693	597
983	941
741	707
614	199
20	274
729	654
19	547
663	993
444	575
227	785
293	587
663	494
379	439
841	110
413	308
500	282
135	956
51	579
400	155
35	367
83	462
731	643
436	838
396	953
401	327
683	688
604	654
420	705
396	483
629	538
159	722
105	198
725	977
144	908
273	158
383	384
145	636
784	256
465	397
621	300
884	859
527	683
597	342
220	861
929	821
943	169
143	904
120	280
587	741
599	658
822	490
526	778
249	204
154	397
546	169
248	758
73	889
390	835
357	207
54	367
592	429
569	354
161	398
117	540
122	323
316	858
179	133
204	913
22	685
613	721
599	263
654	567
494	877
749	986
811	296
326	528
681	591
39	469
944	219
467	271
342	579
397	284
662	873
700	606
236	808
627	254
731	692
296	185
355	764
432	745
760	581
967	215
427	324
462	306
526	577
835	339
64	502
114	627
824	441
640	569
448	609
196	775
923	324
205	539
777	460
723	247
697	193
575	785
969	408
266	692
547	382
587	985
648	490
903	883
824	468
276	597
138	925
760	412
938	833
394	932
821	682
395	266
718	482
485	902
675	305
996	912
600	160
346	562
852	415
495	346
563	972
890	655
465	909
64	823
797	412
482	749
201	992
190	719
257	930
800	735
851	289
194	430
362	728
472	723
995	407
703	107
39	635
490	171
45	612
350	512
386	202
476	853
551	598
362	559
428	576
810	383
973	904
761	979
819	494
471	801
933	535
858	371
801	171
934	548
586	700
302	582
545	297
194	412
800	132
778	333
657	989
678	145
717	400
777	875
204	918
371	721
369	674
726	984
746	132
670	446
415	829
434	975
546	256
128	468
258	600
487	103
530	109
863	552
544	275
885	988
738	841
460	221
102	339
298	710
200	261
724	831
126	719
944	934
361	456
423	758
274	435
455	627
976	613
171	970
315	596
221	223
908	476
477	873
201	939
178	312
927	866
817	787
639	839
867	114
919	487
434	253
963	172
469	791
166	847
442	836
62	657
596	508
542	327
614	203
893	425
647	629
184	331
537	200
824	529
870	178
435	641
381	427
217	253
184	669
105	106
364	590
302	207
163	654
617	229
329	299
842	392
714	654
885	172
549	325
609	423
724	279
824	793
723	600
853	719
408	825
943	394
993	252
17	853
630	263
401	948
115	225
192	873
829	636
587	679
457	243
567	892
419	733
506	914
935	110
844	645
612	617
685	807
352	350
301	558
136	528
151	589
166	580
473	584
9	722
93	354
370	778
349	969
893	177
738	521
381	617
326	806
806	533
637	356
31	161
944	476
52	517
1	814
652	518
882	676
344	925
914	627
451	231
783	551
499	360
892	442
747	534
618	450
993	908
121	896
975	300
551	986
779	715
689	949
232	602
384	262
802	306
122	476
141	799
657	432
346	313
136	970
209	948
419	241
902	585
715	156
16	783
541	682
919	885
233	367
925	346
231	596
209	818
603	663
982	675
267	175
627	321
724	139
895	960
661	624
267	434
183	247
750	335
315	640
328	827
804	222
130	737
428	582
7	621
546	957
764	944
884	823
830	303
38	730
263	127
270	246
903	776
914	862
109	190
770	731
951	613
895	842
6	346
2	934
655	478
242	899
118	698
841	764
167	619
484	966
267	235
156	128
6	501
84	537
570	327
694	535
59	826
127	698
162	876
636	935
328	881
197	258
555	948
850	168
596	637
532	111
17	856
695	113
730	308
948	591
172	298
22	928
806	922
671	535
190	849
51	614
764	587
427	868
172	147
640	388
764	471
447	340
66	982
268	364
685	113
859	360
414	884
178	855
804	941
36	400
483	450
242	988
156	770
826	886
168	650
346	502
788	819
619	387
327	683
803	468
451	571
494	190
692	890
130	311
453	324
208	951
188	249
214	610
142	465
659	419
408	868
734	267
31	462
441	617
725	570
367	806
118	255
384	236
127	862
3	273
257	783
160	516
83	468
373	808
649	651
604	157
585	401
183	831
946	742
357	560
781	782
795	524
934	941
832	379
549	778
754	429
492	943
657	251
323	321
464	486
633	135
713	604
67	931
49	366
427	206
525	443
876	172
984	828
682	452
429	769
46	979
291	111
61	857
807	445
678	371
249	518
554	179
675	343
501	290
750	689
719	304
698	110
686	737
691	432
64	268
990	515
650	420
414	436
160	338
41	950
969	844
795	573
674	189
430	480
762	520
566	974
484	188
346	273
595	802
35	755
547	611
497	357
535	261
314	366
449	846
886	652
696	869
856	253
546	592
90	513
857	141
458	769
998	272
778	432
120	391
836	476
165	426
473	471
821	666
323	517
963	592
885	158
193	629
80	599
778	853
353	526
334	874
73	715
105	824
98	469
62	508
285	107
700	195
98	262
676	588
721	133
855	532
476	516
432	341
457	299
465	176
79	837
159	871
718	516
347	285
931	588
73	357
767	459
200	692
51	438
255	520
435	840
626	661
977	204
621	698
784	550
36	957
930	509
539	640
38	154
511	460
639	542
370	779
203	591
929	930
966	856
203	666
393	399
939	802
248	645
595	505
494	963
862	317
65	475
337	756
773	283
704	147
826	276
709	879
717	475
450	258
425	592
501	973
415	609
218	885
50	917
511	520
546	226
12	671
267	866
622	373
120	543
615	742
469	882
223	109
886	879
371	108
932	345
936	742
222	549
426	107
899	294
499	289
502	869
773	677
607	671
437	274
358	276
238	684
269	566
432	967
875	706
314	943
816	296
940	630
649	235
490	216
137	577
592	780
645	481
262	545
599	617
734	412
770	663
72	697
102	263
348	567
388	347
360	758
837	776
887	449
549	923
443	899
508	751
865	934
175	832
93	688
468	928
968	649
700	795
974	518
925	434
205	263
659	687
184	713
349	836
903	430
444	617
390	718
874	823
748	185
116	942
367	587
246	669
718	913
509	613
576	603
81	962
73	831
564	817
472	691
516	305
777	138
606	390
485	757
687	639
27	641
809	869
206	733
930	367
255	676
627	562
248	603
53	498
693	299
890	509
939	374
555	845
503	266
405	759
172	591
631	151
598	999
861	972
822	668
236	464
880	176
888	274
248	808
874	487
762	410
980	419
302	391
96	317
654	628
496	978
922	505
85	686
977	441
797	384
759	687
699	256
828	674
52	197
80	744
156	319
914	514
627	337
537	501
958	951
325	531
598	467
857	795
979	343
900	338
641	210
844	175
26	888
287	255
843	677
487	353
776	284
641	669
724	578
118	299
978	753
28	451
231	249
313	105
715	938
658	314
454	546
241	119
391	890
665	258
998	214
551	782
528	564
88	820
428	838
977	679
359	271
544	979
789	165
170	837
208	314
719	843
429	541
331	369
154	516
266	908
825	383
432	440
33	701
155	545
659	613
174	435
129	403
487	534
83	873
506	346
877	605
135	448
176	701
27	200
697	791
232	463
486	498
332	944
349	157
520	984
936	883
259	805
900	604
385	992
432	619
163	396
449	920
379	683
207	317
429	666
808	582
732	800
271	775
759	509
542	392
23	965
355	369
948	224
524	287
224	689
9	477
543	182
922	108
879	252
779	839
204	639
205	326
897	369
546	692
607	101
686	423
34	966
294	451
377	891
128	334
521	482
853	921
270	267
792	622
283	422
692	838
691	782
420	839
798	196
363	462
490	639
840	355
780	449
811	950
781	1000
418	189
95	391
825	966
842	372
794	867
544	888
945	766
599	908
616	438
80	868
668	820
291	349
327	130
933	808
105	784
411	240
545	210
610	324
896	885
11	430
950	833
689	617
29	793
964	303
32	113
107	992
50	189
204	841
626	143
371	486
997	630
469	315
248	150
947	287
588	669
31	659
480	1000
41	129
976	903
852	850
820	274
411	952
83	859
650	346
501	896
451	864
797	377
646	777
493	236
414	388
468	434
569	636
663	533
221	313
815	892
213	455
214	131
322	885
103	632
861	591
910	840
647	827
710	465
411	661
269	543
664	827
108	477
812	237
194	478
833	838
949	180
784	303
319	158
782	976
113	840
348	128
148	186
196	128
229	801
668	590
992	572
322	579
85	945
450	538
398	708
383	893
415	502
966	595
706	928
803	462
871	297
340	491
808	197
571	934
165	747
718	364
878	164
470	359
235	421
553	397
435	102
788	659
274	836
227	249
420	362
783	592
723	300
891	259
661	356
631	756
422	461
968	267
203	565
85	315
879	428
808	370
897	695
811	441
702	440
359	656
934	965
824	941
659	132
176	541
627	821
59	552
853	402
384	829
686	837
733	911
343	922
988	361
779	541
887	909
321	301
65	190
930	384
925	258
459	738
647	873
627	852
627	931
502	699
744	158
116	352
830	488
279	553
777	340
406	949
37	805
967	589
923	163
544	345
508	555
85	653
103	288
882	414
826	453
209	297
949	170
542	251
151	175
18	611
263	486
856	358
72	685
601	297
761	996
951	498
383	119
515	916
644	636
870	769
160	627
374	386
552	210
43	246
586	931
478	357
77	171
708	668
872	453
694	330
674	791
556	971
539	128
601	948
687	366
883	112
941	257
58	357
867	116
611	652
294	683
723	816
286	636
671	886
540	400
191	588
384	655
949	825
85	379
336	298
599	742
117	227
149	942
421	935
970	589
897	787
868	718
491	766
916	791
519	818
791	407
228	219
730	664
102	562
456	215
822	479
363	936
964	296
281	611
347	892
375	809
573	227
721	386
131	462
624	703
488	490
52	925
273	820
286	313
785	780
571	627
489	428
18	213
895	946
353	776
829	570
589	971
316	865
849	595
420	369
6	125
152	583
993	408
137	131
86	268
752	375
41	423
731	678
832	909
52	948
138	284
375	946
348	190
936	250
647	512
150	824
104	920
318	764
539	816
280	180
691	690
998	668
215	681
406	710
252	267
616	555
623	417
447	496
272	763
220	105
879	728
154	133
301	883
206	952
285	297
82	529
423	278
276	116
801	902
133	542
691	240
692	163
634	830
124	853
354	472
537	543
584	491
558	720
950	697
30	716
274	518
831	215
836	979
836	213
334	458
457	194
346	801
483	222
187	795
216	127
801	903
23	182
640	229
564	633
87	311
222	955
496	326
62	994
229	906
203	609
701	166
282	955
707	948
812	101
968	944
515	722
92	563
654	750
138	468
547	367
503	515
953	495
480	476
619	666
855	724
81	399
9	665
713	874
980	986
763	113
865	123
461	383
669	507
988	894
266	767
779	457
712	745
54	660
669	453
758	967
343	674
113	429
860	745
860	302
245	666
977	522
823	222
558	271
595	783
659	260
698	731
715	992
903	484
184	996
679	892
790	658
147	942
855	135
530	654
681	574
137	835
572	819
753	574
207	417
362	733
350	582
175	168
328	327
669	894
729	358
986	911
78	525
490	690
438	270
180	930
141	483
412	543
556	942
646	347
500	439
846	467
558	439
542	201
218	942
248	490
352	493
265	570
841	625
820	406
470	143
50	371
373	425
920	292
436	345
420	689
425	400
28	377
304	482
382	658
615	255
40	237
467	392
76	263
900	753
262	253
647	342
917	747
235	169
909	410
494	531
645	186
395	410
557	841
237	904
385	325
379	971
943	110
918	800
271	180
435	505
848	679
538	273
755	916
220	633
361	773
536	266
537	633
550	482
297	594
809	381
724	685
579	501
359	330
796	774
225	865
475	441
627	659
976	936
699	284
884	352
607	545
55	725
72	458
620	141
175	108
715	534
64	632
534	288
583	811
674	165
141	146
733	508
825	151
496	431
527	975
479	404
227	561
902	445
250	503
662	801
905	654
164	434
339	501
53	684
446	570
712	351
69	117
227	914
704	383
82	600
313	953
665	816
413	609
428	531
923	211
521	867
229	699
877	799
768	982
313	870
745	253
732	757
11	454
713	486
462	615
98	318
665	859
4	451
479	127
676	733
603	181
130	243
343	817
323	891
184	813
843	114
225	308
918	509
266	774
736	999
419	187
374	128
441	140
236	872
866	518
763	474
727	788
354	835
762	153
272	934
100	232
871	324
598	388
692	905
223	331
502	548
774	708
932	540
528	742
275	292
668	475
318	911
703	369
195	893
851	569
163	658
965	614
898	299
206	410
656	878
526	362
820	922
385	353
344	509
520	958
734	766
838	532
808	493
234	471
923	965
23	130
131	334
749	655
783	114
841	650
912	464
170	116
397	695
527	238
866	558
949	929
975	423
61	255
560	160
316	496
676	512
938	827
995	606
349	161
947	769
225	774
408	907
457	401
86	191
198	897
831	883
293	714
38	357
598	118
221	589
98	650
380	627
667	264
763	473
119	615
774	816
812	626
503	408
679	241
25	181
464	878
937	539
928	582
497	535
188	535
26	380
105	353
559	604
360	737
397	723
654	746
275	730
65	955
490	442
808	899
640	767
14	575
24	584
625	147
633	771
771	573
188	766
838	337
851	260
58	669
294	924
606	300
652	937
587	699
889	116
60	941
417	548
993	622
779	989
858	310
207	418
475	974
249	771
633	973
193	629
861	575
414	488
208	271
87	695
711	478
631	176
480	918
125	542
916	772
722	543
350	278
886	464
537	759
252	174
462	762
877	405
876	624
638	126
808	338
837	324
267	473
356	748
784	748
568	486
47	781
608	118
228	608
442	772
720	218
71	661
158	888
366	479
308	203
291	660
992	563
767	419
569	776
634	300
548	219
68	579
368	700
864	568
136	381
328	220
102	640
828	576
242	242
854	291
466	780
182	752
545	951
625	645
959	418
602	845
559	593
329	144
487	971
34	101
322	253
487	154
23	353
648	301
69	136
772	236
737	342
669	546
277	321
868	288
562	967
156	424
299	186
236	456
375	111
447	640
993	461
705	228
809	236
699	844
912	402
836	378
78	907
376	547
90	484
434	341
862	147
516	164
152	578
116	127
368	349
694	524
774	965
600	139
286	574
405	273
618	463
136	594
270	795
882	309
134	112
136	191
336	659
713	557
342	446
837	247
314	568
421	286
654	428
297	754
668	157
618	894
387	413
667	308
332	642
601	465
91	135
654	315
9	323
453	226
512	120
842	887
233	967
153	331
434	975
538	579
937	381
190	396
852	804
425	998
340	436
753	193
27	170
658	413
719	689
928	278
169	103
177	222
713	883
338	263
142	449
541	873
117	209
717	570
211	434
328	973
720	414
63	525
260	543
611	383
921	295
396	123
238	818
570	187
600	491
894	387
35	972
821	177
71	430
776	463
314	315
447	904
982	526
483	246
159	175
391	598
260	644
955	478
509	982
56	220
385	846
286	943
467	893
125	202
966	772
131	194
766	453
671	831
457	243
480	639
18	204
177	666
428	483
818	174
941	327
985	903
352	468
9	895
381	783
17	112
650	774
503	757
793	378
693	614
36	496
30	879
117	727
429	571
838	139
148	602
724	357
332	370
844	297
553	329
304	126
533	816
146	123
321	656
138	160
263	434
738	290
878	874
822	159
643	348
354	346
975	216
270	533
751	992
745	931
159	894
39	201
716	475
385	289
741	631
877	503
115	220
478	118
30	728
870	459
577	428
891	540
852	196
169	456
331	490
316	705
542	709
587	208
827	479
558	129
76	335
626	709
989	894
557	493
89	929
452	769
669	318
209	546
922	171
868	708
537	717
562	292
911	840
439	894
973	929
113	962
11	643
433	671
886	868
991	497
138	760
43	253
10	781
353	668
986	713
311	843
656	735
335	814
738	658
586	435
129	417
376	158
345	600
974	924
118	333
365	972
114	981
64	190
343	261
898	163
672	377
977	319
763	677
315	838
203	798
698	791
30	856
224	883
834	261
901	558
423	259
540	125
120	741
368	158
649	154
282	254
388	766
922	406
894	482
90	417
211	353
507	803
414	916
176	305
209	102
718	815
53	823
858	232
843	579
173	892
902	902
682	724
907	629
439	477
855	157
246	839
448	616
57	675
20	376
946	588
892	324
494	305
699	340
490	912
246	621
96	487
593	849
225	583
72	483
120	427
651	133
601	683
298	814
719	892
714	478
723	872
10	764
574	344
733	256
58	774
875	360
888	606
90	556
953	884
128	635
143	453
123	251
341	617
891	334
84	706
35	989
747	554
446	828
382	830
55	964
844	529
958	818
550	518
86	256
778	169
933	976
241	135
903	588
745	474
658	693
352	122
695	736
129	145
770	801
165	647
926	317
29	321
709	315
162	711
789	233
849	470
383	517
718	556
279	830
845	728
370	757
990	547
789	201
834	920
144	108
448	930
851	696
899	727
818	363
295	796
287	199
226	142
483	677
378	369
870	556
382	656
934	779
899	402
444	276
839	746
108	986
187	179
980	237
344	232
188	176
716	106
18	448
773	530
586	653
955	676
699	948
420	922
20	519
594	767
558	607
214	426
995	727
754	325
714	261
316	822
88	901
509	317
637	854
874	296
571	369
435	660
153	626
976	568
802	615
552	686
212	338
166	664
124	681
103	551
514	634
757	894
488	997
940	388
920	898
291	211
418	490
398	917
803	258
965	804
424	112
617	117
470	790
584	390
162	669
362	704
277	998
485	618
914	291
871	348
915	126
377	254
388	753
57	766
790	134
197	546
465	351
576	160
667	723
566	720
158	808
774	356
692	870
883	299
754	911
51	710
804	323
570	231
228	381
530	497
544	776
184	317
681	680
809	719
971	789
241	965
760	761
426	820
256	947
746	408
910	307
765	899
494	217
690	422
272	571
834	129
339	563
81	540
489	474
907	914
534	369
945	116
385	181
326	382
452	158
206	356
584	497
447	672
827	118
112	140
904	177
674	995
514	109
600	997
385	972
105	600
415	748
783	859
746	151
543	189
787	518
452	845
119	255
400	515
353	562
134	806
501	566
982	289
17	430
128	718
383	958
719	676
179	420
329	513
448	609
209	423
789	394
661	591
590	412
6	203
900	962
673	923
335	674
869	537
334	863
866	477
415	401
658	948
870	439
29	820
433	349
337	586
654	135
917	448
313	872
207	658
573	957
788	359
114	693
553	566
207	116
81	194
994	519
249	127
464	379
504	912
724	617
902	133
610	743
953	362
461	128
357	486
421	317
5	286
139	496
164	693
527	760
721	207
242	647
513	654
37	508
734	591
491	222
453	637
287	701
187	179
807	247
31	300
793	421
818	642
465	218
469	227
329	716
225	869
785	825
35	333
217	518
204	178
379	644
836	561
447	992
656	878
599	787
813	429
709	300
612	633
990	312
347	236
822	494
559	406
635	586
780	619
316	205
623	778
77	243
909	861
848	346
168	951
763	612
86	194
65	276
217	311
551	457
727	525
894	651
185	219
422	498
122	377
99	793
232	376
933	370
227	415
168	824
895	726
565	660
114	902
246	314
367	595
72	522
407	891
153	490
792	953
817	517
487	899
990	128
128	138
740	602
569	310
744	754
563	984
296	922
708	106
326	919
774	132
886	397
941	427
111	679
980	499
23	362
610	254
674	360
109	968
582	790
304	525
691	614
442	201
863	785
270	661
649	734
814	370
305	637
735	859
471	723
652	128
888	443
213	552
800	804
571	787
541	697
936	365
397	637
812	739
74	994
652	704
347	353
326	482
566	240
995	843
931	651
731	458
376	892
604	203
121	612
56	365
939	961
164	950
509	561
408	918
901	811
650	816
887	635
264	269
496	437
693	124
795	845
790	163
955	163
839	406
108	730
511	816
637	492
977	505
888	723
710	613
302	315
535	391
92	972
588	984
207	323
373	299
388	245
769	770
70	193
738	108
985	843
929	191
276	754
66	435
95	557
725	581
80	908
793	211
68	625
387	357
61	339
756	878
24	349
799	926
636	230
993	165
411	831
319	325
660	535
579	491
501	445
589	453
55	667
970	629
354	898
854	327
30	244
912	462
434	248
676	830
878	618
734	353
320	295
856	503
401	200
460	704
875	448
602	596
787	327
698	118
329	835
827	476
494	598
335	856
612	404
287	262
285	818
162	180
468	516
787	210
727	313
88	756
886	187
608	930
726	633
599	892
417	507
920	161
178	782
860	954
434	540
834	185
518	722
555	204
666	577
218	777
357	216
344	590
551	227
53	458
250	429
681	404
703	448
516	254
575	653
999	930
780	268
497	638
47	462
921	231
556	839
187	385
624	120
399	431
109	178
115	173
746	238
724	977
961	812
471	459
206	329
656	149
726	557
414	607
185	577
350	835
326	262
948	424
833	362
759	958
655	163
48	797
907	641
478	623
513	178
883	815
767	556
102	526
776	248
790	510
952	210
643	652
840	482
350	881
611	185
892	204
749	741
818	605
881	675
782	427
383	755
135	944
252	429
171	745
798	551
140	709
432	119
277	365
331	527
201	272
961	593
803	997
319	936
428	227
321	725
48	186
882	932
452	915
136	363
448	405
480	276
748	409
433	355
301	350
307	457
357	839
417	884
539	797
205	631
276	775
954	135
615	678
715	660
807	191
846	458
43	325
948	721
989	290
177	185
292	864
224	736
512	411
263	455
349	393
533	898
552	744
140	356
928	488
812	932
64	709
146	975
94	948
27	667
987	991
735	944
198	693
873	455
392	354
205	289
149	845
153	910
851	527
892	987
299	660
25	264
868	518
358	212
413	260
726	196
162	499
657	199
895	702
959	214
620	874
996	535
984	429
689	376
23	925
623	147
80	200
430	482
808	163
373	286
504	811
275	418
908	300
387	352
161	835
163	994
743	344
292	941
308	613
984	824
688	683
755	309
322	813
972	589
988	396
155	534
441	149
75	186
472	853
618	442
768	200
702	986
785	719
145	921
971	326
7	211
289	372
563	409
721	232
529	924
966	564
825	720
237	377
874	828
524	725
278	919
679	223
829	114
711	588
601	534
959	662
150	254
154	239
713	775
693	835
109	694
716	511
912	339
457	582
426	119
638	642
305	349
350	858
402	306
757	160
640	462
809	328
417	252
1	756
137	224
954	348
128	255
490	862
569	885
460	280
942	430
448	244
799	452
952	129
530	610
538	489
894	848
378	155
590	407
59	434
92	174
690	862
773	414
932	826
243	666
902	772
747	239
54	377
764	538
419	620
216	127
365	367
183	952
802	472
207	366
890	811
474	334
62	927
12	834
65	485
279	765
470	865
949	967
663	947
943	151
514	144
478	409
457	762
810	287
658	826
515	521
426	723
93	364
868	446
268	971
652	736
20	343
435	989
766	850
176	719
95	306
13	115
892	391
452	503
338	248
73	403
948	722
985	695
699	746
369	304
871	152
620	538
944	591
490	640
93	525
132	631
945	233
828	418
146	807
5	264
787	702
847	635
958	859
406	255
208	800
811	868
198	432
494	373
819	853
169	314
266	968
860	517
179	519
589	387
324	325
700	718
635	499
333	852
843	774
268	201
56	804
435	132
448	237
131	326
834	575
874	476
387	353
505	695
386	614
146	394
611	303
868	474
703	558
38	664
357	615
703	737
591	207
35	928
643	453
1	731
285	820
186	350
849	205
402	903
575	197
865	434
753	667
722	478
733	236
161	811
772	624
102	269
89	886
893	649
385	543
362	526
858	669
365	115
146	980
398	247
881	268
62	795
586	437
344	209
402	893
768	515
797	575
898	508
576	170
771	607
584	579
641	706
374	641
39	109
648	920
912	198
424	293
869	275
283	973
902	246
113	386
113	940
128	305
227	509
813	713
952	237
404	242
173	940
304	165
30	652
527	557
195	782
423	738
89	563
441	517
41	962
533	469
212	105
906	223
554	387
511	329
426	847
410	201
730	326
411	171
724	719
881	977
547	223
105	340
240	269
919	729
908	837
130	639
846	906
269	546
128	561
678	905
131	746
334	746
610	166
271	625
709	759
484	579
776	907
50	214
773	285
375	538
854	552
386	284
102	813
697	335
595	687
34	195
30	547
804	859
959	451
711	888
865	456
389	607
439	748
53	485
137	710
171	392
528	344
112	231
149	851
195	507
76	881
556	558
806	330
624	676
464	860
416	950
544	900
423	965
171	399
526	369
57	507
111	571
530	978
382	976
250	781
925	249
279	391
127	737
178	732
990	864
400	634
384	398
674	160
20	972
181	883
265	258
81	302
840	303
978	310
444	861
212	125
100	491
22	719
656	285
229	923
910	535
433	491
898	848
466	325
357	561
334	976
740	206
420	997
593	758
871	609
119	702
703	718
76	751
313	624
563	805
363	115
570	292
523	308
753	776
288	963
783	341
919	173
78	318
841	125
194	324
928	128
440	649
517	233
509	768
531	841
327	287
138	955
499	848
470	332
289	777
639	217
916	355
803	589
362	316
43	318
542	257
791	303
11	947
234	334
286	226
216	951
225	827
380	941
449	302
257	294
835	423
494	865
317	654
30	220
819	767
859	393
536	816
236	918
205	383
353	362
394	725
994	157
670	534
104	145
328	364
610	686
842	886
586	435
882	800
906	794
162	175
861	313
96	737
668	795
321	155
962	365
148	337
338	882
885	237
336	249
549	869
591	755
685	484
617	583
687	195
64	573
466	388
749	218
87	730
8	497
578	304
199	441
289	920
131	652
381	513
209	665
620	255
397	290
611	996
925	930
768	961
866	318
654	656
907	630
32	432
112	954
956	245
477	625
626	600
280	317
559	818
753	730
542	265
529	253
124	843
733	750
23	814
123	127
418	562
10	719
858	890
998	390
483	401
780	274
991	832
369	199
270	207
926	843
362	928
624	179
229	231
359	942
851	720
858	833
134	212
204	312
911	396
503	792
927	998
613	290
851	590
708	130
937	362
22	356
508	319
695	722
448	487
15	482
159	466
124	893
776	898
897	692
752	931
464	579
687	423
69	528
775	962
314	206
871	837
140	637
393	744
195	261
211	933
464	387
818	249
895	150
568	211
711	388
950	541
669	804
481	753
238	460
359	609
859	318
302	730
885	384
52	674
793	508
267	412
218	535
377	934
654	839
999	336
141	508
593	444
911	225
456	775
826	399
388	933
243	971
780	454
169	203
686	105
690	191
346	794
22	354
729	510
826	839
909	365
257	143
201	584
734	212
449	167
790	548
212	999
487	855
603	575
829	605
4	369
849	351
428	592
921	470
438	408
346	844
308	602
81	399
247	986
218	948
704	159
743	362
266	937
450	921
748	732
81	699
817	583
569	926
541	978
813	603
358	593
669	847
114	381
596	879
893	218
892	328
968	946
891	446
73	766
846	594
60	391
409	928
758	570
125	254
33	195
452	578
937	506
498	553
635	333
764	389
857	457
155	998
535	684
975	705
531	619
999	231
521	743
817	373
373	734
875	170
464	318
448	929
372	909
652	994
574	278
139	869
721	298
282	390
581	537
172	260
641	182
372	993
531	624
540	608
130	797
878	424
233	500
493	601
534	979
888	840
724	319
309	240
702	344
694	900
184	353
749	355
203	572
99	738
697	841
274	653
870	906
928	676
169	386
908	851
606	299
935	590
968	816
667	844
415	636
223	322
48	294
610	495
487	354
787	728
402	908
986	347
306	712
364	161
12	549
201	986
326	937
139	370
688	951
489	868
996	822
341	141
923	997
89	332
574	997
744	206
923	658
711	185
709	792
768	941
891	378
601	814
636	962
429	191
314	786
427	363
804	975
504	920
72	509
3	289
747	333
916	692
88	405
424	105
690	354
39	337
9	528
490	186
137	746
962	963
430	377
20	881
190	495
999	874
129	285
680	256
236	378
579	714
982	463
574	863
892	743
914	518
94	429
575	494
263	218
645	792
165	288
705	854
185	874
352	594
229	138
130	905
187	274
354	553
757	726
524	950
790	530
365	335
307	306
535	400
214	371
294	604
718	446
666	690
308	571
620	370
368	530
236	616
202	413
118	328
990	296
60	408
252	113
794	382
399	882
681	752
622	960
87	203
751	567
199	534
990	671
666	885
831	485
687	562
35	714
42	811
155	228
555	793
117	960
837	192
980	955
825	648
998	563
629	868
923	984
526	431
800	940
113	540
226	723
348	884
751	637
783	290
38	459
128	837
550	168
256	405
499	384
224	665
770	653
219	312
226	972
280	390
754	292
595	448
998	280
600	553
788	118
158	461
380	946
407	109
779	875
501	173
565	945
787	991
755	126
965	313
891	394
75	427
294	745
884	671
135	560
897	270
207	700
59	909
266	152
633	524
611	416
663	160
648	241
967	589
864	999
298	212
965	658
803	218
734	581
80	454
463	862
62	696
499	677
228	383
108	970
211	772
390	201
711	821
462	190
621	782
353	994
362	512
804	123
199	126
697	564
112	841
496	902
857	575
381	458
53	497
768	509
342	440
826	825
273	417
846	753
243	907
648	886
670	463
441	269
311	879
448	163
259	162
206	693
963	147
251	164
291	973
904	107
287	831
975	225
462	325
906	951
836	611
2	273
340	159
537	745
389	953
97	168
509	369
51	239
387	894
962	710
369	453
682	684
418	378
187	334
771	654
790	319
815	591
750	887
783	619
165	335
852	808
219	934
60	784
803	110
350	697
748	206
824	166
911	965
794	766
321	782
33	810
611	180
266	277
281	233
179	677
534	852
437	858
684	394
253	933
546	697
623	736
148	651
319	521
208	637
104	930
583	289
918	114
212	654
646	499
580	191
28	668
868	738
559	483
813	973
474	630
280	606
859	853
56	226
15	200
10	851
329	728
921	503
81	371
814	218
497	628
473	516
610	643
980	982
711	199
298	958
714	269
987	956
780	755
409	455
747	236
332	852
756	794
187	427
152	751
301	651
630	849
534	132
778	901
20	691
955	952
52	119
298	692
332	737
285	953
646	940
843	700
141	745
873	326
723	403
408	364
488	975
691	269
680	145
891	264
830	988
77	990
214	614
888	543
854	974
129	693
620	644
665	130
314	435
993	530
147	802
719	916
490	369
537	393
252	135
568	237
840	547
597	705
814	335
962	230
802	465
240	769
865	262
816	526
676	399
30	912
851	177
538	349
335	772
115	635
639	845
214	771
444	986
170	651
130	888
102	319
49	366
398	886
905	319
302	567
77	727
97	666
780	839
222	743
578	1000
636	766
475	314
28	796
4	990
208	249
854	955
10	131
742	803
194	297
572	658
601	121
283	278
916	825
872	922
149	361
572	669
520	203
945	852
667	215
789	611
333	338
693	362
121	786
640	134
961	759
203	304
513	367
941	257
992	773
750	403
39	526
290	126
672	852
487	952
117	766
799	552
231	406
4	817
796	557
244	127
925	374
137	118
271	341
387	565
6	905
528	396
209	104
931	984
748	498
698	287
795	160
992	344
578	791
779	236
310	108
581	996
135	620
591	542
984	211
328	271
92	105
469	430
321	479
776	784
654	441
203	346
200	922
517	244
984	517
988	159
530	373
404	630
196	353
804	563
905	725
699	206
574	209
449	491
732	614
923	924
824	550
153	847
590	415
371	785
920	359
8	596
162	649
179	285
613	687
916	498
52	781
158	878
325	233
883	954
973	143
911	392
704	663
982	477
543	394
720	543
330	442
799	298
132	611
306	434
434	386
75	828
587	669
525	943
817	382
397	200
21	591
306	595
170	191
713	715
872	824
130	655
419	607
354	586
55	216
804	923
922	151
853	914
418	225
823	267
36	161
220	326
231	349
548	923
603	174
151	205
98	476
111	639
234	263
441	317
591	331
521	450
323	780
922	401
93	875
448	613
953	890
849	792
927	945
298	519
546	184
271	570
379	751
842	988
30	730
527	121
737	783
649	844
703	110
202	824
312	228
298	525
457	437
113	742
369	568
993	597
50	940
938	509
309	189
846	705
782	102
348	551
970	960
163	341
625	236
521	672
215	839
558	458
76	982
484	565
158	798
331	992
87	778
28	820
833	253
744	887
323	305
605	147
344	213
85	274
835	859
372	186
7	540
779	425
598	934
886	813
432	622
233	768
397	844
779	185
902	758
47	187
884	143
517	165
655	125
887	480
463	126
418	332
389	155
293	701
358	361
473	312
593	652
243	336
837	846
987	479
271	812
637	155
569	442
659	144
30	488
806	337
720	119
288	218
949	708
327	560
202	936
561	875
272	977
533	518
373	416
838	650
526	408
713	281
17	666
823	212
248	658
23	476
448	358
314	145
218	225
296	734
856	577
524	436
156	761
886	743
35	784
79	704
279	910
404	261
770	319
330	642
139	263
548	270
5	263
963	262
302	940
886	113
136	540
371	380
443	612
849	900
769	156
600	303
276	670
369	887
341	587
813	372
453	368
521	160
625	909
644	944
527	551
415	130
208	301
341	374
809	101
84	484
799	304
587	695
197	764
871	598
882	656
46	414
953	594
285	594
924	780
355	684
554	827
337	707
788	766
618	391
252	437
369	675
694	950
745	769
79	965
347	400
626	673
281	222
589	418
6	665
44	934
720	785
727	423
501	850
861	105
667	840
993	441
842	791
707	309
240	421
98	361
526	750
938	926
429	278
392	241
890	317
522	475
526	547
564	800
715	477
323	268
510	151
231	342
961	730
874	102
801	345
561	626
109	310
624	346
790	532
957	648
194	594
316	624
362	910
183	961
49	680
710	228
88	382
98	905
620	199
139	198
396	488
730	778
32	323
867	424
733	551
935	863
528	326
218	232
864	233
84	729
983	858
89	903
731	493
201	539
792	879
831	566
427	874
216	887
62	231
481	147
848	781
825	721
462	946
588	284
755	760
141	876
379	674
78	209
443	939
742	281
233	657
655	427
798	832
299	611
7	816
30	744
171	103
415	468
623	835
643	597
938	862
883	196
116	776
536	735
572	557
163	709
360	794
563	493
758	518
535	504
81	821
611	243
241	843
750	537
15	628
103	290
159	737
880	115
209	764
801	711
268	160
160	911
314	205
709	777
512	751
566	677
551	665
666	939
415	722
116	679
672	724
131	439
932	665
442	173
987	557
252	293
926	562
383	264
224	270
108	561
853	915
317	813
844	889
76	329
975	255
874	995
856	981
876	754
253	822
339	780
388	839
278	265
295	351
406	584
47	465
463	578
163	638
791	551
289	835
674	771
607	681
284	827
534	349
517	435
403	124
172	992
294	680
482	926
328	685
136	664
75	525
421	778
314	883
442	939
67	873
353	905
840	692
755	121
643	481
472	677
534	843
657	380
27	496
248	860
353	524
17	735
621	817
608	226
424	651
319	623
462	757
396	930
535	420
694	588
63	192
195	475
174	244
653	126
889	485
761	960
14	730
557	536
958	283
721	416
296	743
803	866
115	723
624	419
866	192
404	350
255	439
911	237
612	700
735	752
679	943
482	235
46	528
721	232
106	304
586	189
976	437
778	168
52	555
600	850
367	793
527	533
90	292
130	412
949	728
693	188
112	672
326	700
858	203
903	179
2	633
559	550
903	303
493	308
385	569
227	739
929	837
565	860
113	569
24	633
453	442
649	933
171	640
220	756
376	921
892	207
998	941
399	383
512	206
906	238
81	301
498	860
335	862
732	341
505	755
859	541
841	745
230	111
190	598
543	305
786	691
168	644
629	165
828	484
478	443
82	176
9	478
116	132
918	614
332	586
755	567
285	347
932	984
505	876
572	136
657	398
86	740
43	171
729	522
599	825
554	818
631	749
845	108
106	829
144	125
98	515
455	591
798	177
739	461
493	280
538	660
741	606
516	829
254	150
217	729
629	288
96	209
657	975
907	624
332	613
423	181
165	619
758	846
716	588
868	433
852	210
934	767
885	199
509	658
83	481
455	634
844	918
730	426
967	494
370	373
469	179
941	445
312	438
770	196
625	862
632	485
159	614
605	269
22	720
267	691
709	608
191	833
547	993
878	492
675	367
1	739
597	251
576	704
147	266
582	570
281	218
907	464
159	709
370	447
527	206
679	920
693	522
579	412
70	702
249	511
683	495
701	875
859	620
247	923
764	236
867	962
525	846
709	347
118	739
911	177
927	858
535	458
400	275
990	201
609	949
128	117
795	511
208	163
27	264
623	497
480	632
474	588
639	766
90	550
735	303
997	635
599	896
535	113
26	650
125	930
730	862
888	400
658	521
41	766
946	351
339	108
276	311
353	552
658	271
380	354
449	622
880	995
573	208
488	617
380	307
31	869
439	744
419	410
104	860
577	594
113	663
841	558
470	601
28	961
615	193
743	402
194	616
59	628
171	159
929	614
756	713
929	456
736	956
975	782
62	453
52	817
592	569
846	948
345	733
232	372
724	732
922	730
262	678
150	609
139	150
683	211
123	377
174	342
520	756
900	987
719	117
853	671
131	732
70	758
197	993
141	467
842	924
481	178
86	176
14	208
4	282
243	783
617	975
392	497
320	571
41	149
500	315
19	661
405	300
640	121
289	121
696	929
578	944
338	570
845	854
592	345
694	470
930	806
711	408
660	434
326	172
483	266
740	826
976	303
686	701
889	493
674	605
602	672
88	711
497	614
970	463
328	965
86	299
758	220
609	480
484	536
242	529
742	932
408	784
878	986
58	242
470	242
569	496
186	551
779	910
12	889
179	459
236	661
811	253
279	446
774	767
261	579
716	382
415	700
265	320
707	620
831	998
111	611
492	604
565	233
278	690
688	433
48	164
892	142
304	182
74	376
786	657
118	247
540	793
996	365
481	297
152	963
588	818
716	280
547	112
290	946
605	102
653	186
558	189
170	534
519	573
946	154
108	927
289	838
987	682
249	501
635	656
909	827
392	724
906	730
883	251
638	177
797	620
137	192
822	332
294	871
405	849
662	209
491	389
347	144
95	422
920	937
583	474
506	287
353	489
221	492
922	861
100	545
419	817
330	992
682	169
489	922
393	472
355	814
469	262
469	423
234	651
174	446
98	566
446	556
764	241
733	106
240	547
988	705
254	712
216	317
343	945
519	212
541	496
445	805
947	240
437	173
58	342
822	684
86	484
904	121
45	440
88	868
619	873
744	779
389	324
317	636
691	227
893	891
508	399
629	578
302	632
493	380
824	716
360	770
234	883
951	121
684	350
626	759
158	923
81	199
7	130
529	817
579	632
143	314
107	109
580	321
997	733
437	371
910	507
443	589
413	256
553	394
48	767
651	181
190	637
543	457
798	681
308	782
984	401
607	808
539	583
343	305
538	255
597	1000
698	791
670	272
318	477
754	615
825	119
235	855
575	988
402	368
350	535
406	212
956	218
871	108
982	740
5	609
6	381
280	540
89	865
259	945
607	264
587	683
285	190
922	568
772	610
915	678
550	466
37	933
371	788
383	195
457	495
748	425
133	345
496	768
992	809
817	634
900	770
419	109
120	467
661	205
264	630
7	965
860	960
770	188
674	673
758	179
356	914
156	440
279	314
201	921
753	273
462	338
584	557
485	512
734	429
286	789
646	378
898	915
845	225
642	231
577	432
24	610
524	452
720	340
844	867
96	572
93	938
843	628
842	989
882	526
375	747
432	638
50	992
354	159
723	759
845	532
437	549
131	190
527	956
442	262
357	497
726	972
248	811
856	990
375	998
844	990
964	340
957	536
245	427
600	360
811	528
955	170
925	635
571	844
825	344
438	326
998	546
50	163
845	213
404	116
707	122
403	437
294	571
396	122
282	226
423	392
208	608
672	765
619	411
308	333
17	603
82	981
17	959
510	323
407	683
520	690
95	439
919	414
792	265
421	848
899	466
789	977
76	892
864	797
929	650
800	537
368	178
299	919
647	548
161	554
856	915
680	572
861	130
962	497
565	512
87	248
604	592
873	172
290	518
339	377
36	540
48	497
479	371
682	210
668	213
196	659
769	973
682	559
430	966
188	395
367	816
885	442
810	740
922	825
846	297
975	361
577	935
399	727
338	303
247	149
544	665
628	783
163	388
111	405
304	265
389	187
290	267
852	285
825	214
35	882
960	586
136	999
58	605
541	593
142	969
620	717
432	900
653	486
852	851
614	807
900	210
307	238
709	664
351	189
749	779
755	414
339	896
378	184
395	572
479	730
35	910
631	853
392	499
848	139
408	934
354	477
702	770
988	502
865	957
696	903
208	549
914	871
965	519
647	198
228	661
807	393
275	609
672	202
212	904
683	788
517	145
309	551
756	913
880	588
67	142
578	355
52	921
872	719
480	373
238	265
208	688
117	309
673	803
733	989
716	856
393	615
705	855
246	164
587	930
377	966
263	394
888	877
485	309
16	546
355	615
576	358
523	916
18	157
997	166
223	480
641	864
724	860
675	931
640	201
594	861
375	784
290	295
502	504
699	404
494	356
223	455
645	338
622	984
998	308
913	981
640	316
702	445
302	793
574	780
369	627
80	864
96	899
409	821
86	754
139	607
144	178
823	300
865	436
534	262
604	108
436	760
141	213
418	662
751	191
894	698
954	512
251	849
306	988
129	836
807	178
144	637
291	773
179	935
581	357
390	597
497	663
97	694
461	302
375	315
830	135
316	940
213	158
100	595
393	918
624	187
477	840
939	240
913	112
328	521
409	500
573	579
667	809
367	680
25	598
778	339
256	618
418	201
296	261
715	540
476	861
928	209
589	308
497	946
725	516
343	239
276	115
977	910
168	406
652	713
205	396
866	400
464	172
951	898
27	254
37	617
343	391
610	872
403	332
330	463
813	764
873	615
318	103
84	138
525	705
312	709
144	245
827	440
671	933
378	392
481	679
576	577
584	751
389	871
846	478
820	581
830	866
202	735
260	573
926	251
524	652
215	410
651	703
899	794
946	816
760	837
523	765
432	969
612	870
484	127
813	872
432	754
770	676
453	423
56	679
21	722
329	441
724	713
810	601
252	224
538	475
876	813
298	456
116	560
875	504
390	517
657	429
155	685
618	285
154	388
840	508
775	265
562	636
269	705
517	731
89	802
980	412
226	816
277	237
84	471
161	927
862	446
19	175
849	534
733	121
525	836
592	157
25	333
149	804
727	901
715	501
639	882
952	205
873	104
678	741
561	617
707	163
191	670
13	182
260	287
508	326
862	145
896	128
95	551
697	510
786	398
902	920
144	286
274	153
501	870
236	346
796	862
361	446
384	320
606	991
867	133
575	176
525	452
729	103
587	900
180	142
867	747
988	575
470	190
60	426
32	145
566	778
890	750
544	345
589	797
272	182
874	684
398	558
563	253
974	313
296	755
314	942
974	766
685	322
45	658
822	268
505	390
750	665
609	910
320	887
524	497
89	466
779	459
330	460
601	442
193	592
424	539
583	126
30	540
452	820
234	297
376	133
958	569
151	625
608	516
354	112
391	566
315	581
236	199
244	953
418	139
272	134
634	758
434	802
963	556
551	918
554	526
710	743
575	515
722	244
929	671
667	368
403	421
909	934
830	599
8	103
253	759
30	501
149	567
253	481
737	339
794	662
745	905
306	537
520	917
81	524
340	444
835	970
330	552
30	713
836	943
442	712
131	840
160	905
462	789
288	402
267	775
522	963
395	683
964	416
887	333
146	859
718	365
340	434
75	867
557	534
60	375
697	580
865	914
347	140
303	409
118	928
849	395
288	350
927	814
204	623
595	647
424	745
575	142
782	233
381	912
846	463
744	192
705	493
396	869
139	256
795	908
697	722
19	534
363	630
715	807
723	608
894	725
857	698
498	775
748	426
898	774
974	213
495	285
91	909
980	310
22	478
701	758
813	490
834	495
810	809
366	748
433	924
728	487
548	662
313	521
839	897
654	370
542	822
757	755
768	647
893	508
521	348
521	346
757	204
742	836
405	396
575	812
151	869
998	987
406	581
948	503
275	758
833	840
349	935
769	989
893	410
501	630
204	492
529	384
387	919
498	405
607	563
50	200
636	717
737	756
999	229
702	724
319	789
611	454
818	827
694	516
152	340
121	606
618	159
356	674
142	786
1	908
521	584
414	763
230	749
965	671
780	946
854	636
476	401
513	720
769	156
423	489
852	296
114	179
226	140
912	442
382	364
990	651
36	196
585	734
901	542
124	116
166	392
34	517
771	876
489	276
675	794
100	297
523	716
334	548
791	416
478	240
849	899
79	329
532	573
979	428
332	278
676	353
157	782
469	815
674	734
380	268
348	753
715	893
853	180
791	737
307	678
61	592
398	900
154	218
929	615
274	559
767	848
350	673
422	195
44	289
355	254
949	509
485	597
390	803
445	584
147	286
677	868
969	174
439	582
496	365
308	463
796	443
988	176
449	888
388	272
495	488
637	565
151	807
292	531
740	535
894	299
588	535
286	777
119	681
152	217
714	866
743	475
692	873
799	581
935	468
392	504
849	991
122	938
597	143
768	111
99	617
768	733
167	654
808	242
349	203
79	134
114	930
992	970
236	413
181	539
28	134
814	913
744	329
959	455
398	940
599	629
256	494
562	369
265	499
404	179
899	889
218	101
632	940
814	731
714	804
852	926
480	110
550	215
426	366
531	768
243	385
304	916
949	852
251	660
141	158
180	906
937	535
998	272
714	412
41	207
951	781
383	137
893	383
275	134
445	958
969	133
702	916
783	718
804	102
304	218
377	756
41	912
482	395
941	389
669	482
446	190
552	324
553	441
956	683
298	808
567	958
554	248
301	373
692	723
112	714
706	677
640	208
587	408
299	744
522	168
168	544
950	192
397	134
953	841
57	303
62	114
440	353
420	912
85	796
766	563
803	524
136	516
714	281
717	134
739	401
772	827
430	569
906	288
721	997
584	588
846	645
220	408
478	221
408	729
348	776
204	512
790	397
84	707
460	907
560	165
493	828
961	241
662	141
576	396
36	489
299	527
105	980
458	128
762	406
674	906
521	500
996	936
693	663
595	421
890	994
178	802
645	193
740	256
981	151
36	991
69	276
363	440
159	667
916	651
860	457
19	613
24	387
746	126
847	757
210	473
443	109
859	178
515	822
683	554
681	757
84	687
315	994
19	377
954	745
513	473
639	386
490	432
820	739
718	685
388	599
227	299
586	876
85	911
363	570
982	898
514	490
239	410
858	617
407	323
51	638
568	983
205	350
629	884
873	214
590	651
32	453
90	735
654	527
721	672
182	637
67	637
468	410
924	355
917	733
511	404
636	891
959	202
41	864
725	646
866	318
889	313
490	992
172	854
679	704
924	154
159	759
814	544
586	488
623	360
319	416
491	220
902	243
230	780
470	809
474	211
734	909
38	919
652	904
600	162
172	491
530	454
564	547
475	907
939	259
235	300
195	790
517	921
424	128
450	944
489	159
885	486
801	502
327	802
729	895
411	708
65	476
464	888
123	629
620	922
818	543
374	470
802	143
803	624
874	409
234	184
987	916
255	391
552	620
434	709
643	439
432	739
962	989
165	895
128	138
400	109
364	733
408	504
11	785
699	411
21	241
746	180
700	852
757	433
398	518
841	952
506	128
771	348
567	307
159	789
265	395
760	220
355	951
937	486
594	463
321	538
387	109
61	818
409	432
374	305
284	442
248	749
248	541
772	395
172	211
673	252
271	835
482	900
996	866
210	596
13	156
765	890
319	394
802	214
966	537
10	750
743	639
870	184
345	156
360	193
810	223
96	106
865	526
145	301
326	854
24	848
533	965
322	720
939	917
160	465
185	580
607	915
823	131
242	744
72	647
342	407
933	132
454	647
25	456
272	638
589	680
849	465
10	893
364	863
869	129
526	220
536	246
192	524
486	804
369	859
331	200
376	279
799	225
524	445
866	172
163	802
26	159
373	158
898	194
88	221
749	528
919	843
332	702
306	180
892	846
32	483
540	850
405	963
907	600
420	885
899	955
207	445
678	411
393	834
760	406
450	331
527	685
905	490
316	813
355	644
551	394
957	506
816	536
791	974
481	705
432	401
365	626
650	982
96	189
661	436
614	637
381	572
618	549
687	362
782	283
782	639
249	165
210	164
290	771
347	375
742	348
477	558
902	564
77	350
305	898
176	602
320	897
348	952
591	661
754	962
325	166
356	120
460	454
719	630
75	389
7	119
302	556
390	720
471	633
659	370
151	247
956	565
360	637
30	270
361	406
354	907
429	664
789	948
309	488
58	362
475	660
727	502
942	229
105	693
854	507
717	441
89	912
742	879
714	765
305	654
132	166
734	963
527	160
871	127
816	741
628	767
220	182
625	637
188	887
188	276
57	592
360	222
103	434
359	500
541	937
516	690
490	635
840	152
416	501
518	588
973	584
31	147
1	571
890	276
796	114
958	584
959	606
281	482
948	390
103	798
122	969
719	463
842	969
141	273
160	512
678	411
214	393
741	345
370	206
790	915
713	404
391	801
275	598
631	228
699	100
970	150
278	832
880	666
834	628
366	451
154	407
681	645
996	739
360	761
591	661
714	710
299	813
83	339
325	951
964	380
251	906
79	288
126	203
725	818
104	650
230	771
595	998
717	734
201	307
991	503
639	684
553	268
667	726
553	163
327	166
588	636
216	734
712	562
569	632
17	266
104	666
290	635
850	396
94	508
39	345
571	652
167	116
937	873
570	248
325	973
776	183
402	998
384	844
559	929
121	579
101	142
182	123
99	225
108	529
545	444
947	546
996	885
568	398
691	980
246	129
737	503
719	982
299	650
802	617
178	596
877	883
989	352
768	814
613	542
348	573
684	973
772	443
718	330
661	197
208	211
17	394
552	472
158	128
518	579
516	778
51	461
28	243
693	577
623	156
234	445
134	675
623	126
114	700
905	982
800	917
750	237
108	775
71	207
309	928
619	425
854	896
112	924
381	810
448	300
466	266
243	707
974	511
20	630
8	979
176	483
399	548
75	307
614	445
464	941
826	466
432	507
494	909
409	738
624	455
772	311
707	776
832	187
276	979
111	281
351	152
333	981
196	890
48	145
777	109
428	740
695	260
554	715
659	118
712	106
455	712
23	501
391	212
796	856
870	354
381	121
22	749
268	873
37	394
99	413
483	939
743	414
243	758
859	865
250	602
849	231
165	563
882	869
423	269
908	527
911	695
223	518
13	868
711	379
7	264
80	390
464	143
403	158
874	693
53	836
548	233
2	916
353	600
869	191
766	406
208	186
658	630
36	926
155	902
426	611
397	981
727	745
159	726
639	943
837	896
908	379
227	327
420	877
858	796
638	539
694	522
508	864
534	588
193	838
324	404
849	480
940	834
631	863
432	889
37	355
61	670
744	350
186	588
333	148
145	451
349	404
45	145
381	994
623	635
297	229
250	381
609	928
160	832
368	578
748	453
898	796
483	251
771	406
867	820
214	413
143	493
75	340
728	573
650	468
964	681
313	602
4	796
524	970
730	508
717	263
120	383
884	555
978	607
794	700
306	850
843	623
853	347
1000	563
69	792
806	478
625	392
683	263
110	855
733	515
893	250
209	930
845	442
857	328
810	121
342	772
366	107
507	354
963	660
980	658
194	843
337	989
399	523
887	556
804	598
454	103
914	646
657	765
204	822
886	667
713	562
201	908
879	931
192	389
357	539
535	416
344	541
527	389
915	298
521	734
885	677
801	889
177	733
106	667
4	450
149	836
640	679
403	335
744	267
700	311
853	744
637	742
502	686
812	759
17	973
856	800
465	883
71	550
753	413
175	338
115	578
455	703
433	906
653	630
853	645
296	400
37	637
758	378
950	937
644	246
759	961
339	545
280	917
973	304
461	793
862	324
783	840
317	291
553	542
665	715
735	404
978	580
375	386
229	878
180	181
513	412
667	609
146	411
847	805
981	196
415	930
277	488
193	110
663	817
481	252
795	864
955	305
426	271
847	227
606	479
604	387
165	654
848	965
991	573
137	885
460	640
33	808
286	970
162	908
419	241
519	123
929	854
885	311
322	894
493	922
950	486
330	285
97	609
795	966
407	333
825	150
416	859
934	362
334	466
992	928
316	414
959	772
130	198
220	902
32	566
614	821
689	589
422	374
149	730
115	932
337	904
973	523
958	779
790	963
45	495
10	658
381	208
828	436
902	578
783	915
436	129
392	292
484	167
567	603
511	135
284	823
858	277
388	170
623	319
262	471
268	621
418	453
910	188
505	244
112	829
428	865
595	661
736	856
911	971
353	840
456	786
199	934
702	268
4	227
227	967
76	934
450	700
346	237
625	848
581	468
226	326
774	504
888	651
2	996
76	823
293	594
18	418
236	219
502	620
191	991
156	227
503	924
350	551
584	413
202	756
425	901
557	574
512	210
534	249
697	633
128	916
797	100
808	929
126	987
735	477
409	627
275	707
268	193
510	155
646	727
28	621
496	726
109	972
745	233
784	787
943	417
539	291
960	820
679	966
29	343
150	988
424	174
424	390
825	256
388	639
717	729
166	349
827	383
548	104
61	673
651	849
591	711
288	538
812	286
362	748
836	296
598	745
406	678
931	751
813	103
602	939
396	849
167	791
1000	780
980	937
726	559
770	893
645	449
501	658
244	810
169	824
474	206
84	187
225	658
563	569
153	573
509	181
387	774
642	631
410	541
518	132
955	647
623	879
710	215
589	371
940	245
603	885
815	871
705	835
726	590
240	893
431	277
325	369
893	866
736	164
673	662
620	228
79	369
544	317
404	545
33	481
251	535
576	864
177	413
323	855
492	909
760	326
546	224
302	803
135	391
196	971
302	859
427	494
719	416
781	983
424	131
380	147
308	385
349	264
89	115
559	382
764	768
584	363
433	208
969	356
869	310
154	613
963	840
427	667
573	445
24	442
242	486
266	180
129	470
11	401
226	190
311	158
572	316
296	970
550	601
968	331
536	142
726	900
557	862
451	292
214	877
988	708
743	944
272	638
493	921
183	541
196	296
153	863
916	874
347	165
7	266
559	557
646	519
409	350
375	217
820	740
492	366
104	794
219	229
197	368
570	695
169	817
205	232
445	924
185	137
284	445
447	416
881	596
911	557
456	857
871	895
332	630
90	595
673	676
742	221
548	884
184	101
457	239
720	710
345	205
868	861
485	832
742	537
196	923
901	823
166	552
363	202
517	367
996	993
903	704
825	561
240	925
69	362
372	608
817	868
738	706
156	551
780	660
949	976
654	958
277	330
150	122
40	716
842	645
656	187
945	308
965	114
641	448
598	226
574	622
205	462
767	390
557	652
55	977
438	974
925	635
337	406
28	853
448	233
650	583
601	273
359	293
459	481
757	647
368	986
904	671
853	285
46	770
985	213
340	716
560	504
115	538
905	865
516	297
944	749
497	437
43	482
965	441
354	802
646	859
628	373
438	126
886	782
402	395
309	880
734	517
959	109
306	420
258	946
673	727
747	117
914	143
240	188
438	379
73	239
420	440
462	185
253	360
635	839
662	943
860	444
862	233
115	224
702	674
789	938
493	573
204	553
158	480
411	559
73	295
296	191
758	998
961	452
120	406
666	281
651	984
267	391
146	930
288	543
559	561
659	784
944	231
955	899
403	439
391	669
519	958
972	742
901	786
920	496
846	646
981	648
73	172
401	615
498	231
606	537
271	121
454	250
264	383
271	720
8	650
58	415
935	592
444	538
170	159
535	375
8	895
235	163
908	433
837	596
925	936
698	497
316	252
92	431
371	897
149	982
762	961
201	824
195	560
957	418
62	793
916	872
400	424
630	609
105	589
164	396
956	589
129	269
660	392
625	655
46	436
823	936
574	773
354	969
85	216
579	264
927	575
935	622
172	707
196	922
307	979
55	422
130	202
767	119
582	516
225	679
967	430
660	262
584	145
103	238
883	588
557	743
533	903
924	784
293	424
538	819
495	750
65	568
748	405
271	240
542	413
885	152
233	331
912	359
681	645
305	438
931	571
219	166
624	337
972	223
307	639
713	217
369	340
32	581
929	997
220	237
268	839
610	259
424	141
897	714
15	190
345	958
695	293
416	491
383	505
680	786
198	411
896	817
707	955
634	363
140	114
72	615
703	194
475	685
26	495
711	662
326	464
121	578
891	265
347	558
486	820
402	991
213	693
621	845
785	224
173	156
667	190
807	883
174	998
733	425
373	444
711	283
958	414
129	237
400	772
873	437
299	195
708	585
323	870
388	329
397	666
569	429
613	167
968	203
211	196
713	191
62	403
978	571
686	609
639	569
765	473
827	122
463	694
987	819
870	836
866	249
414	257
117	636
374	638
873	446
467	416
814	179
328	113
256	750
100	845
903	922
90	997
998	883
268	190
999	322
623	146
864	226
378	743
393	409
533	425
964	414
444	664
353	778
952	828
28	338
976	549
106	922
511	706
938	982
18	646
18	944
584	375
314	959
275	804
322	388
358	884
282	805
522	309
828	210
426	614
647	876
209	548
617	745
430	582
430	151
384	496
496	808
376	747
418	923
60	625
776	818
998	345
763	890
665	725
85	193
112	960
911	197
458	340
59	974
812	494
87	207
598	146
725	989
984	588
332	748
52	818
498	742
313	175
573	793
290	878
925	941
806	960
196	499
229	293
551	925
772	846
872	723
569	620
957	562
61	729
458	206
823	570
714	898
55	460
922	647
649	969
210	588
218	552
149	328
359	282
101	490
742	314
572	459
114	505
723	459
374	592
607	677
597	990
765	724
653	595
980	513
736	173
127	826
615	531
54	177
289	963
968	652
58	462
110	120
225	385
95	130
583	984
261	616
725	178
773	923
270	272
550	637
194	344
281	419
555	926
201	191
66	813
385	882
194	484
606	596
623	762
387	722
833	651
330	376
157	853
622	914
585	220
801	365
83	901
379	180
371	953
40	371
565	529
436	459
640	780
692	967
762	787
116	754
792	660
766	731
624	164
323	901
407	465
725	383
745	407
425	691
315	535
543	357
532	511
615	628
244	801
219	245
303	798
296	244
826	699
948	588
375	667
581	994
657	371
971	650
945	297
670	195
595	527
14	808
705	255
245	150
232	215
640	814
1000	717
174	323
887	366
412	796
100	565
538	380
366	971
247	685
544	570
849	436
258	203
731	503
639	947
109	378
821	954
737	145
21	314
486	151
996	257
7	588
578	967
541	184
427	620
230	164
728	505
150	890
984	441
176	470
795	698
535	333
746	439
180	284
532	309
865	418
578	429
925	914
926	735
358	548
750	711
268	339
587	665
18	888
292	142
845	935
599	264
612	866
432	733
350	785
313	925
110	512
770	374
1	118
43	242
740	953
447	387
805	718
655	168
427	696
726	925
479	908
3	204
642	439
700	731
171	566
912	650
437	917
11	794
120	723
817	988
287	701
558	283
514	232
688	673
163	479
15	549
874	285
596	346
37	787
131	392
15	456
309	836
275	943
501	489
783	120
329	890
626	370
310	993
507	372
761	875
53	118
810	779
166	261
600	405
88	789
894	552
97	568
447	629
625	844
883	390
993	158
932	515
309	919
576	467
184	605
247	481
321	326
895	254
1	475
528	533
529	790
368	191
512	836
197	368
340	824
513	589
174	829
130	294
705	140
258	957
326	642
250	223
157	574
513	872
484	721
830	400
796	864
377	285
188	257
953	808
816	245
671	682
639	104
687	727
568	246
466	265
344	807
505	910
169	601
904	383
666	980
747	188
124	613
701	112
131	951
240	669
60	454
143	575
849	369
508	848
15	946
687	161
250	527
974	710
663	256
844	580
481	126
828	143
539	949
544	598
640	411
848	597
854	103
769	213
334	139
631	836
581	758
470	663
767	934
959	764
877	247
978	381
456	555
19	305
89	744
790	941
981	404
556	851
542	677
191	163
221	467
815	181
973	670
583	475
141	220
787	877
716	355
562	680
399	322
245	955
372	363
286	430
13	628
188	709
888	599
785	513
969	296
41	784
508	471
211	998
176	898
184	650
322	614
307	506
925	843
337	268
656	102
913	507
659	655
196	324
815	896
151	840
941	778
773	798
515	939
984	328
477	120
860	243
618	693
159	360
903	867
959	557
389	509
876	923
722	602
24	236
682	455
315	542
285	169
605	204
136	138
326	427
979	869
710	990
815	761
576	526
669	556
781	661
147	608
692	153
270	222
916	502
343	756
964	367
798	991
976	760
588	117
99	400
86	744
359	996
733	666
609	250
473	515
140	463
992	570
459	543
915	407
335	657
545	286
917	489
945	279
328	968
476	343
63	861
551	244
246	651
761	784
200	684
733	367
328	197
420	882
792	902
118	582
578	204
606	887
24	934
717	541
300	882
964	865
821	934
981	476
173	251
660	673
468	480
975	711
200	106
777	957
172	338
560	346
118	146
781	559
205	647
102	307
93	506
783	991
19	347
765	959
675	761
289	591
913	837
897	483
450	885
463	395
15	478
46	447
506	595
48	288
296	718
570	864
183	746
493	391
372	912
875	914
830	882
961	518
431	579
820	870
829	952
701	684
897	568
176	742
952	177
175	757
662	201
228	228
428	177
110	127
266	810
760	451
801	468
963	107
964	436
83	822
769	618
840	262
749	575
569	917
937	315
711	919
653	703
12	756
782	822
434	784
589	910
540	571
229	359
327	399
133	997
466	654
626	458
96	237
947	231
666	597
87	394
451	470
638	287
833	159
451	645
656	737
489	371
995	529
840	222
637	863
396	999
760	448
403	396
508	142
120	956
606	443
565	973
925	266
534	205
216	712
541	504
623	889
998	338
567	876
735	827
859	126
345	454
407	344
88	267
924	591
735	656
380	510
660	185
238	497
974	578
593	710
396	180
791	638
643	411
231	197
2	240
38	762
463	159
451	399
506	638
767	751
302	335
194	586
701	780
810	914
442	622
179	711
206	964
908	629
599	114
399	682
278	710
88	725
522	215
977	210
351	522
515	188
986	671
701	584
636	118
174	870
648	383
512	712
736	616
76	371
583	912
135	573
663	910
286	162
484	496
582	722
465	594
993	383
154	712
371	746
572	136
558	667
115	759
247	164
848	311
564	486
71	233
516	620
7	903
415	904
246	360
534	138
398	527
551	545
802	288
162	809
82	754
603	441
456	671
554	249
286	658
27	676
508	114
61	889
910	173
852	491
841	328
122	620
417	969
459	498
762	449
723	541
701	290
166	732
311	307
720	343
118	211
173	237
526	670
980	608
192	360
748	516
195	428
424	758
677	909
278	555
342	508
510	544
803	450
739	947
749	211
515	622
591	699
99	228
392	599
415	503
799	261
773	269
975	407
8	841
660	529
550	260
60	315
699	653
546	617
331	599
235	576
764	293
273	757
684	991
731	976
554	375
389	260
697	242
427	326
51	919
992	470
868	412
173	359
854	626
499	132
493	744
622	211
246	873
950	491
43	171
805	151
182	608
478	556
145	219
241	390
72	169
383	419
63	540
599	951
795	604
5	892
626	922
843	448
805	511
804	681
431	447
470	609
758	454
414	568
278	857
305	844
837	808
124	705
417	343
349	487
147	786
174	312
924	128
514	464
191	833
698	588
777	526
116	753
596	866
393	822
574	235
720	264
907	276
6	336
960	265
226	356
192	383
324	455
532	754
898	319
360	815
454	298
944	916
951	783
931	526
120	393
826	620
825	727
725	295
968	494
973	991
79	199
366	842
711	435
292	480
931	462
489	110
463	935
146	332
892	638
369	648
8	304
78	536
596	255
368	822
901	457
307	955
757	108
896	434
591	763
189	215
724	231
648	360
166	727
787	945
242	643
774	694
780	256
69	953
291	276
190	331
186	305
517	963
642	214
347	554
803	228
501	445
759	329
683	856
757	589
403	156
722	121
957	848
184	644
261	788
181	274
997	958
862	703
555	543
562	645
744	134
808	430
769	552
983	419
607	655
6	194
685	942
418	154
388	923
449	253
54	362
149	235
343	110
637	702
91	972
79	553
454	203
652	713
999	909
129	493
683	170
919	953
101	173
447	505
68	280
105	232
366	120
863	409
111	650
389	493
717	713
22	143
228	782
388	197
460	970
304	998
759	944
405	539
565	923
93	972
27	800
198	600
790	487
163	662
50	311
15	171
975	336
354	604
224	378
983	438
506	887
300	903
399	837
312	489
51	115
861	280
560	332
268	614
915	150
399	790
19	470
898	922
84	808
286	660
528	214
51	413
50	172
934	870
711	226
334	735
949	861
100	253
336	253
413	633
202	931
516	805
85	109
464	745
377	777
170	537
802	799
821	662
633	165
44	812
847	388
950	344
512	285
868	467
633	270
862	719
805	199
9	560
141	313
212	905
926	451
416	566
650	649
440	163
809	201
851	367
303	437
805	992
362	609
341	888
605	892
367	346
164	265
650	257
951	806
474	528
629	899
703	464
22	615
722	187
220	908
136	171
625	786
681	915
690	619
903	488
710	138
242	108
771	980
580	590
4	774
182	286
922	899
831	776
141	422
170	153
867	844
467	707
426	512
316	594
393	492
331	649
348	598
836	280
5	897
690	526
650	498
699	647
470	107
402	376
993	750
611	467
61	901
105	854
937	106
351	722
916	919
247	666
243	978
795	201
419	749
976	689
131	511
764	455
148	778
907	805
730	632
296	100
592	139
6	544
935	433
942	918
234	892
260	482
637	107
868	306
126	722
989	290
409	710
357	604
356	605
661	236
71	186
826	442
429	482
638	713
523	387
302	331
780	747
923	233
650	192
913	701
167	558
222	597
35	715
927	214
383	351
322	695
264	687
637	387
179	259
171	388
750	318
165	229
769	501
242	981
413	110
547	926
221	138
649	636
824	214
839	698
234	838
507	720
251	159
731	134
878	170
93	681
590	789
599	373
45	601
718	142
632	834
712	677
591	479
394	991
859	427
63	886
793	365
913	549
910	129
240	894
58	255
525	177
54	515
716	286
540	665
396	963
365	488
89	611
975	786
427	106
715	467
43	616
944	531
337	478
483	303
494	151
658	570
737	226
338	177
726	214
422	480
848	795
386	387
800	756
390	265
484	126
869	690
542	450
839	364
59	990
284	330
403	912
47	453
796	952
359	602
618	160
348	946
498	145
258	581
409	538
744	999
507	232
463	477
880	661
719	412
44	435
253	391
656	518
446	981
22	262
498	503
352	624
221	513
601	740
145	859
408	558
658	274
473	213
220	118
548	879
686	773
924	360
582	883
659	605
666	929
228	345
329	912
512	387
104	313
861	665
836	767
957	309
519	832
804	433
122	177
314	214
347	177
518	110
637	526
667	202
854	199
598	575
278	324
982	639
176	113
239	646
862	873
808	363
29	824
290	819
762	613
296	991
597	228
432	307
655	717
683	840
71	957
186	897
520	454
25	802
779	790
254	407
47	579
200	419
999	922
966	714
392	831
468	467
191	803
217	339
143	775
720	474
585	514
501	287
983	823
432	165
710	600
826	656
949	726
639	882
27	378
170	846
875	156
969	511
182	628
391	164
741	381
79	944
976	661
187	975
950	254
789	174
776	231
376	629
719	560
591	474
280	804
918	975
853	602
670	789
88	958
962	500
97	668
181	770
5	205
405	245
100	269
641	666
380	347
282	593
112	403
810	354
536	849
619	694
673	448
847	272
708	553
614	372
666	424
875	258
306	325
641	472
909	948
330	300
780	896
515	765
666	986
327	909
642	991
210	311
89	751
825	300
742	579
876	427
877	500
738	771
149	343
597	828
37	879
806	713
268	584
461	833
61	216
687	873
174	574
241	786
958	200
998	307
427	594
301	252
462	221
516	706
130	465
262	182
727	967
48	858
487	869
513	633
473	974
73	128
49	349
854	655
63	523
470	406
690	609
939	409
677	364
833	165
139	381
218	567
110	308
65	767
187	972
122	329
635	736
285	647
556	395
7	479
797	301
141	280
183	456
19	304
510	300
318	184
781	308
982	859
833	203
764	969
73	336
621	309
785	622
551	601
989	140
744	265
570	941
789	421
661	750
28	150
544	633
38	998
88	158
581	514
637	807
464	475
371	332
587	668
565	911
51	814
509	798
110	310
940	547
497	897
17	674
132	966
348	425
259	303
813	999
527	757
380	484
759	296
687	131
44	100
810	663
785	512
438	530
34	244
505	511
149	170
500	515
282	485
322	345
963	849
883	918
671	199
274	753
947	436
662	801
100	477
842	837
932	876
976	765
916	241
418	724
878	837
26	840
539	442
737	974
210	156
877	960
352	340
938	265
139	864
474	401
843	791
2	989
738	123
359	278
714	210
997	478
14	742
549	944
113	614
536	669
688	933
125	596
699	209
586	513
109	617
651	829
729	147
25	306
744	541
530	489
272	758
902	531
547	173
210	568
502	654
525	852
473	735
162	303
421	692
19	435
368	484
538	908
968	417
218	995
787	625
494	647
232	836
93	599
941	332
275	698
218	162
289	154
746	956
878	205
69	228
694	252
635	927
512	545
707	440
619	976
982	514
726	848
676	660
369	378
511	879
970	496
820	950
773	718
851	436
861	588
687	592
370	478
482	805
992	971
168	756
279	892
905	974
979	247
448	648
357	369
354	125
689	759
333	357
324	380
266	543
859	744
885	214
179	846
721	574
408	589
61	613
785	336
34	884
371	651
241	365
68	763
938	380
51	927
87	734
214	350
479	612
636	400
255	261
120	765
688	252
51	550
629	230
646	710
415	593
137	252
859	795
594	348
996	291
465	979
162	803
143	870
387	867
714	315
289	412
382	623
355	364
902	606
739	714
772	798
459	457
824	561
88	636
186	759
342	108
557	971
334	752
173	533
500	452
112	472
599	927
737	950
913	224
143	930
447	516
264	399
195	671
587	507
567	245
934	674
659	514
425	168
428	463
122	870
424	310
551	323
81	454
482	459
24	766
259	635
948	585
922	425
189	364
750	949
298	116
851	773
329	138
319	364
957	574
53	443
615	954
77	796
846	713
85	441
75	665
71	668
446	368
218	977
627	256
439	515
57	606
826	446
302	645
735	328
812	398
912	421
511	148
873	947
152	213
10	109
402	986
598	277
267	153
356	511
452	932
28	119
792	138
790	372
256	939
229	873
245	505
929	186
732	283
84	527
531	508
975	691
438	361
43	224
146	182
683	779
67	725
45	182
664	155
285	589
720	469
884	678
168	803
779	823
412	772
479	885
662	474
986	297
251	813
730	959
248	544
919	580
573	315
631	103
283	122
681	974
393	596
232	336
665	883
179	269
989	674
138	825
469	506
181	666
578	471
228	953
378	484
532	475
657	447
156	955
899	952
144	359
542	615
516	684
159	567
819	844
657	652
199	433
765	528
64	531
407	489
879	272
668	347
835	156
520	214
860	136
593	786
222	802
802	412
412	443
269	573
867	606
570	616
360	148
476	568
539	749
107	199
127	308
411	106
767	465
454	400
846	843
74	378
913	424
702	189
219	526
441	389
608	899
537	607
824	493
365	717
14	707
260	402
237	737
616	643
569	560
527	657
759	147
109	811
913	624
82	197
530	581
907	698
681	964
668	786
72	602
713	368
237	682
452	726
250	930
605	705
288	718
657	197
606	910
984	465
470	964
848	843
258	976
787	590
466	661
92	646
182	701
449	358
734	974
203	528
836	197