10000
3000
257	647
433	284
60	907
962	357
13	925
935	320
689	706
451	122
442	850
492	329
186	932
415	614
742	349
642	783
137	422
371	554
205	843
314	214
327	577
352	197
129	931
454	197
688	791
300	753
71	697
540	290
279	370
392	915
640	802
632	391
20	827
284	705
563	466
686	117
400	229
552	213
95	506
55	708
926	776
362	731
257	570
395	289
592	897
691	468
877	536
596	742
2	742
685	638
579	331
288	562
201	547
628	238
634	956
986	395
132	831
582	326
438	662
574	832
642	876
589	240
782	886
913	416
149	231
616	517
353	629
639	105
674	706
524	127
519	560
224	360
283	969
709	424
225	857
199	849
553	829
541	178
996	795
689	166
407	422
890	877
811	681
865	644
717	382
108	301
222	780
509	850
787	581
150	827
137	863
575	948
917	316
607	797
623	727
384	803
652	494
595	357
157	195
668	357
165	275
233	982
705	268
601	840
977	666
238	560
826	360
509	236
242	783
927	140
700	947
793	746
831	306
603	338
596	964
711	798
39	767
516	899
634	197
210	501
330	150
806	850
579	137
983	963
21	243
453	272
982	911
101	992
178	565
93	955
494	741
538	625
111	416
662	228
786	937
208	320
117	717
537	689
240	777
603	303
281	295
230	263
310	984
882	126
781	865
333	537
200	608
252	320
83	208
351	473
206	744
914	935
257	475
461	845
19	554
535	873
3	891
67	725
989	337
949	336
436	575
474	271
712	954
427	983
387	586
346	764
432	596
955	246
473	497
958	876
314	213
662	812
939	749
111	125
833	645
658	992
60	378
306	706
928	133
584	707
934	230
786	132
678	759
946	451
478	878
324	370
896	486
789	915
964	723
832	309
772	560
991	242
634	860
195	609
491	715
703	135
203	760
323	937
273	848
473	510
357	963
175	605
422	259
330	662
521	437
418	665
351	265
922	152
26	257
499	658
699	175
92	298
193	261
196	599
24	651
617	129
157	162
496	309
566	592
648	460
535	508
561	622
682	236
548	935
727	502
883	883
568	616
877	985
774	924
397	247
73	471
946	132
203	892
418	207
288	340
925	592
562	236
388	765
421	184
361	160
297	662
275	428
877	187
156	115
731	213
975	792
442	961
920	393
469	796
14	796
362	780
498	940
898	853
696	549
335	839
504	262
369	933
465	546
134	303
434	674
58	141
89	418
427	351
4	947
907	237
362	339
348	944
519	621
512	320
765	490
883	362
14	385
335	923
16	817
528	321
75	617
770	343
182	188
655	538
654	952
491	461
30	225
601	569
882	401
636	539
548	452
694	877
483	492
112	604
288	207
647	528
17	203
191	174
495	889
459	923
214	249
66	382
498	555
535	370
592	641
480	349
992	491
500	863
801	204
558	500
604	264
740	596
69	346
509	458
660	778
7	583
84	831
486	686
478	881
616	811
96	855
309	564
471	666
832	157
585	452
225	838
226	769
847	357
614	596
396	566
667	470
857	285
773	770
547	215
560	839
247	621
150	849
831	145
113	211
608	129
758	816
438	607
138	480
767	987
775	107
463	204
375	971
810	588
142	145
514	898
115	169
588	437
839	634
51	909
904	196
468	106
142	531
820	405
531	477
382	838
727	444
470	733
19	317
923	833
714	201
618	332
444	141
660	674
573	424
347	688
449	212
715	159
295	838
673	128
3	573
274	741
697	459
729	676
577	469
831	305
606	562
131	939
747	668
402	717
984	810
656	284
477	289
2	920
586	473
618	345
67	428
509	374
446	595
790	897
15	453
94	427
630	949
365	676
483	395
33	743
504	825
312	242
51	464
330	259
533	830
820	370
816	406
722	198
27	769
59	188
963	665
715	623
765	216
626	588
342	225
847	971
328	651
919	132
71	209
318	948
401	657
165	800
590	441
957	124
452	456
870	910
794	267
537	889
804	562
292	747
715	447
711	359
4	742
935	696
712	481
348	627
806	128
584	292
491	380
505	417
294	803
279	927
508	899
975	570
538	229
653	473
335	480
549	470
51	811
257	836
726	881
640	446
170	772
379	772
232	185
785	474
668	501
996	437
662	965
501	529
185	544
75	183
923	366
63	462
945	990
198	336
219	390
248	102
832	108
802	491
166	843
554	739
694	198
6	500
415	706
605	295
817	249
408	380
49	278
239	155
435	567
756	948
704	922
47	605
643	247
849	246
691	819
293	559
662	953
754	613
364	803
134	611
396	398
166	672
102	684
725	336
124	880
24	743
531	759
391	873
615	686
451	231
621	779
514	869
428	514
654	442
245	477
315	750
170	231
415	511
472	808
256	768
141	384
829	966
890	785
194	733
312	458
716	523
191	423
658	487
799	119
583	698
751	731
117	538
712	744
639	921
570	958
587	846
77	508
361	421
685	603
934	528
805	315
254	818
222	188
520	473
426	552
220	139
914	844
998	459
739	581
236	842
59	813
65	306
360	784
327	877
983	989
89	371
689	204
828	916
706	384
589	178
435	777
782	968
5	911
343	757
513	790
293	186
842	717
772	981
164	118
577	770
847	790
123	114
136	863
834	465
594	528
723	544
921	306
545	774
228	253
859	879
856	120
804	640
761	414
944	496
704	575
288	384
351	360
167	618
438	174
273	735
147	576
511	575
835	406
657	328
567	668
893	247
136	114
951	573
298	711
837	205
395	816
245	641
92	766
746	411
607	371
341	406
944	713
766	368
837	630
198	812
406	690
740	190
979	679
754	568
347	647
389	544
369	733
765	518
578	284
912	400
247	965
448	651
390	640
978	713
107	183
363	924
644	158
718	754
838	711
56	699
979	780
221	895
603	457
667	908
148	408
199	745
716	226
426	852
955	383
683	678
401	196
810	620
257	343
948	590
551	499
507	322
900	316
914	435
284	944
831	385
637	537
47	951
40	415
631	557
354	295
700	205
868	511
979	675
445	528
88	181
987	389
580	904
133	590
14	125
212	876
63	193
489	629
893	100
659	492
463	103
184	371
897	128
321	754
924	988
964	474
318	333
213	634
771	923
123	257
864	656
482	494
880	293
404	245
420	242
128	140
863	358
683	684
482	607
163	373
137	244
36	558
562	939
638	269
919	799
351	513
165	324
395	875
286	830
30	877
172	997
620	852
693	750
47	320
445	204
617	580
510	154
448	960
596	830
500	568
565	929
854	141
463	331
150	722
85	580
192	169
178	492
56	382
134	889
58	644
326	279
921	522
172	125
117	699
613	428
383	630
619	413
338	540
20	642
95	154
287	285
369	552
316	450
452	345
67	406
881	796
573	654
127	535
749	446
988	210
684	209
305	830
2	192
943	725
885	733
105	916
193	731
791	592
954	898
302	629
591	216
212	238
428	844
697	750
707	928
724	613
875	483
894	345
545	701
522	889
187	858
810	838
311	641
376	218
816	407
314	585
535	999
856	701
625	243
775	482
296	381
220	104
907	913
226	139
73	223
284	591
616	368
106	190
281	361
895	458
121	943
281	756
794	429
675	903
364	957
550	113
25	467
867	715
39	943
297	378
109	319
579	612
142	551
868	435
228	958
779	492
402	822
720	621
352	163
655	984
136	456
43	630
814	957
129	362
144	494
817	779
265	455
472	199
864	959
996	737
12	782
68	949
807	973
221	517
280	345
836	830
759	1000
602	250
577	416
522	758
903	848
157	236
636	748
599	852
480	747
275	599
644	180
349	678
758	843
964	256
425	320
259	978
306	777
817	199
840	213
451	611
277	715
371	785
236	646
244	576
326	186
994	470
772	916
856	407
253	664
661	874
179	633
566	995
256	367
465	910
835	592
31	108
683	103
397	143
789	401
308	575
114	829
918	479
470	274
919	446
583	215
338	687
854	526
34	632
870	115
151	992
328	984
751	866
867	236
447	963
724	732
858	734
482	619
461	834
3	107
976	439
691	144
47	887
132	789
171	176
47	379
196	663
128	805
424	487
865	476
480	990
671	940
341	776
768	278
876	641
881	837
851	954
499	685
96	564
624	201
601	858
5	987
706	334
847	661
356	430
795	539
439	862
693	382
683	562
813	968
40	645
664	294
43	977
372	380
247	936
204	581
959	332
372	505
175	823
21	195
968	778
877	758
734	658
374	482
409	882
354	171
37	626
59	175
588	469
120	411
156	352
661	548
121	265
117	141
992	875
47	777
452	717
440	567
513	721
970	207
641	360
802	478
545	421
497	618
554	433
932	547
684	147
393	650
475	767
145	531
8	392
923	603
317	376
578	362
864	757
940	938
977	190
978	460
763	919
939	687
886	372
382	655
500	966
915	367
558	806
862	879
338	884
377	679
211	321
344	798
600	182
20	478
501	104
574	355
762	352
544	276
944	450
635	877
172	876
558	878
151	894
911	501
463	481
156	893
870	947
334	778
753	592
974	136
878	528
329	558
839	808
211	172
205	891
951	652
462	193
782	359
503	1000
335	723
218	269
197	676
199	932
434	100
984	184
860	134
37	755
698	179
519	551
216	205
481	646
587	430
21	310
202	217
100	939
756	785
666	789
268	377
539	700
425	850
930	645
540	172
234	486
26	557
155	342
279	409
52	110
656	418
462	791
128	749
419	326
24	778
501	720
161	895
756	577
912	298
657	868
346	636
742	677
4	750
315	607
148	586
504	395
304	637
566	366
863	785
74	830
45	166
505	325
746	167
417	808
756	222
922	977
220	203
751	804
914	353
364	975
109	660
399	740
786	909
420	139
643	800
541	199
792	150
953	293
760	160
115	498
307	641
451	162
758	696
159	281
937	730
105	484
488	439
712	569
157	721
833	161
870	580
308	796
6	438
584	767
569	385
843	280
768	922
144	388
939	996
654	564
934	316
842	868
342	231
302	658
918	764
82	640
423	947
282	270
407	268
840	995
447	883
967	249
776	796
22	758
124	508
695	940
145	844
782	331
932	824
941	916
536	949
641	128
782	245
871	353
260	184
715	539
731	251
820	626
413	209
94	800
356	235
224	991
194	706
258	647
92	427
982	217
810	966
664	299
639	175
417	840
606	301
930	940
282	428
283	646
811	965
96	565
620	983
462	515
929	381
772	106
117	188
447	954
577	604
656	463
933	580
827	247
555	315
877	446
332	903
449	997
998	917
186	412
835	301
251	660
780	885
87	121
702	591
811	500
938	953
87	831
257	611
746	328
165	508
63	113
379	920
141	444
263	340
57	304
90	322
348	101
429	443
609	290
711	324
320	984
620	606
510	350
533	499
487	255
431	765
60	462
765	415
361	152
293	265
841	232
953	684
937	291
733	560
451	388
600	161
865	865
465	896
327	399
852	427
262	550
377	774
319	756
92	322
421	221
872	991
545	307
337	877
680	496
662	312
757	984
828	899
232	443
734	419
878	382
617	861
438	245
931	789
524	673
839	885
441	504
27	255
24	696
796	537
370	177
486	361
205	768
433	859
947	205
154	542
157	918
185	689
628	459
292	540
545	334
789	624
887	307
291	685
417	696
560	700
194	391
829	877
454	904
903	305
633	909
464	135
610	610
954	390
751	846
712	508
718	595
240	594
770	667
674	205
140	493
42	631
633	768
260	455
522	928
674	833
916	281
841	303
401	569
514	828
923	434
828	657
342	765
133	657
329	388
509	440
290	977
494	663
187	176
873	681
592	511
717	374
576	274
191	529
267	885
444	113
690	387
609	821
973	976
321	989
306	664
824	337
995	157
607	290
117	565
123	671
83	953
439	990
540	440
984	397
77	916
136	622
716	584
555	923
70	903
104	485
65	345
23	606
475	480
4	331
952	432
931	575
566	227
165	373
181	698
361	139
449	740
725	182
968	495
946	894
175	936
917	862
639	194
684	112
895	170
156	337
182	960
258	846
85	733
919	180
893	337
248	494
824	660
978	150
154	984
935	270
307	286
342	762
306	680
943	812
631	605
82	927
434	716
776	899
172	457
687	685
599	781
56	483
801	390
167	985
237	864
601	226
55	156
630	421
259	761
412	242
880	678
658	409
670	512
217	742
507	857
135	863
714	262
733	762
328	964
320	407
105	287
987	863
711	797
454	758
850	459
650	925
739	886
77	349
882	276
563	634
306	670
205	616
126	635
93	997
445	299
8	443
295	238
259	513
106	520
632	974
534	163
646	420
25	333
833	125
105	820
134	469
63	386
179	717
260	135
912	715
424	425
445	508
361	834
715	159
56	169
616	725
936	803
803	404
387	192
826	829
16	536
585	814
347	176
17	727
7	745
466	893
370	628
307	926
191	229
891	505
788	636
242	279
128	802
362	443
853	793
600	507
23	556
151	505
738	765
934	449
817	261
29	857
828	986
974	877
222	420
967	1000
39	140
279	617
984	619
240	245
346	202
687	265
368	146
637	155
864	457
235	910
881	593
719	945
766	254
77	900
145	126
187	943
175	424
646	493
956	256
38	208
405	454
662	735
179	765
629	230
810	322
196	461
472	944
683	289
828	282
959	348
136	897
377	282
939	890
85	963
697	711
820	923
607	903
63	692
696	355
289	751
993	931
71	559
364	669
370	334
679	387
814	354
14	653
491	870
93	811
544	528
530	989
752	343
396	678
878	746
842	651
887	531
271	678
886	431
298	889
609	518
844	939
200	563
902	918
39	402
54	153
655	428
288	931
314	601
308	548
431	294
983	444
328	497
408	223
553	522
696	894
182	904
351	856
627	392
357	549
46	880
601	155
417	320
528	114
975	362
980	215
57	906
763	678
127	939
317	260
799	795
913	653
130	320
25	684
766	357
815	438
525	721
949	744
262	676
841	299
949	169
859	465
403	704
561	904
608	142
33	168
487	788
530	343
821	819
588	627
808	334
659	420
266	392
363	659
966	401
711	346
125	807
733	210
635	709
893	787
834	578
389	578
43	830
680	147
100	878
744	683
851	703
714	363
762	941
23	153
423	619
503	496
598	124
397	478
484	289
382	665
160	235
17	317
581	902
860	793
389	273
337	828
711	945
152	628
117	709
748	544
900	927
79	499
199	605
14	731
945	227
15	766
567	495
759	132
586	812
99	360
993	471
336	693
486	188
370	161
456	254
284	315
262	372
631	767
665	384
803	783
930	925
787	731
675	450
320	580
722	120
614	224
604	893
582	973
953	279
139	939
390	800
429	692
815	124
673	304
707	878
21	647
940	581
61	864
790	536
566	788
805	457
986	735
753	807
760	815
419	887
574	877
341	297
78	798
514	749
628	641
913	171
528	173
494	330
182	584
570	795
251	280
413	568
166	891
776	125
190	524
92	538
949	551
734	148
960	860
842	793
342	186
969	569
494	473
196	440
248	101
580	861
793	411
347	672
580	735
480	583
529	528
109	438
848	407
625	913
962	760
148	565
701	994
864	985
740	144
71	326
337	945
997	795
668	903
468	585
764	969
195	484
767	193
570	153
759	647
258	921
514	201
499	422
589	128
821	120
308	333
165	321
858	342
279	252
182	595
515	236
66	155
370	298
434	700
86	545
632	743
454	961
559	236
226	866
179	384
239	811
688	202
603	863
693	888
75	791
753	666
747	737
606	636
47	660
148	219
782	527
413	512
235	955
110	227
678	363
664	398
984	980
69	117
244	388
427	176
590	175
914	464
392	159
755	655
382	668
263	577
846	391
57	965
736	667
931	921
524	852
279	981
123	436
752	234
841	241
498	831
608	263
904	344
933	237
580	203
308	739
239	416
413	637
124	819
973	222
957	662
958	912
765	797
666	332
62	656
4	126
180	624
314	931
961	387
178	216
902	231
577	746
148	982
257	450
854	246
401	391
18	173
773	927
496	622
938	673
334	184
841	104
932	836
336	590
806	467
718	100
39	205
275	121
874	139
883	939
405	125
842	799
835	823
376	375
427	631
566	312
961	325
802	597
146	732
802	916
220	383
767	412
404	298
973	172
54	518
655	178
491	144
162	284
493	945
908	897
59	898
581	206
850	692
526	686
442	386
742	717
35	244
928	528
455	553
266	734
650	501
836	872
39	304
329	723
302	409
717	133
722	305
558	777
263	734
801	672
787	635
102	106
286	523
377	848
686	102
287	427
176	146
730	168
166	176
899	128
515	844
56	591
233	612
71	442
371	510
186	465
68	991
224	817
803	723
1	477
913	462
571	242
333	321
808	718
813	379
356	929
295	392
773	868
334	969
66	813
775	951
417	776
552	365
46	787
38	827
886	237
229	743
966	789
352	831
566	413
999	983
972	949
563	786
98	838
689	867
535	574
601	365
86	745
897	175
723	599
345	928
87	211
447	487
567	722
968	191
818	901
117	626
94	528
773	245
236	282
234	977
644	502
734	194
830	872
866	932
250	458
774	193
406	551
192	823
530	894
34	835
576	855
110	306
951	663
512	890
178	918
683	733
380	717
954	542
734	669
548	129
955	657
559	873
630	680
376	650
369	562
975	480
281	672
912	702
91	379
583	203
508	872
176	139
581	676
246	170
958	742
568	254
940	735
408	902
817	839
805	512
475	901
215	766
803	795
798	318
805	405
798	306
773	927
458	881
982	624
319	795
271	575
16	832
128	622
591	596
987	773
681	803
167	320
577	590
658	987
615	344
602	312
73	424
907	382
339	572
973	159
342	405
21	954
270	741
19	561
249	232
300	269
66	329
571	903
475	658
780	626
987	998
744	254
259	672
394	485
325	836
153	666
817	387
294	526
558	590
351	469
35	555
294	574
970	601
904	355
516	828
613	774
194	160
781	677
348	743
326	259
105	279
908	588
118	550
23	350
83	147
894	478
315	810
864	408
21	182
135	706
676	239
103	262
825	818
837	790
464	916
319	438
767	922
95	147
804	322
41	163
78	566
657	846
227	445
649	868
384	383
518	691
639	715
494	459
280	559
676	855
940	637
655	675
65	148
955	528
713	354
859	475
260	637
84	211
136	856
148	452
914	485
981	385
959	273
28	789
487	554
672	203
925	413
428	857
225	165
52	890
824	415
743	832
939	106
488	840
41	560
591	299
698	695
892	509
85	777
274	905
357	815
260	568
46	815
349	244
67	823
1000	949
473	844
39	700
519	638
881	827
712	239
427	352
309	339
284	782
14	471
647	647
361	664
815	564
134	357
276	585
213	487
931	771
67	441
740	866
756	554
526	350
434	723
557	287
837	527
195	915
628	419
770	842
40	952
79	554
379	706
275	443
774	984
379	941
188	959
774	809
536	958
168	643
385	150
666	519
674	946
801	344
557	239
987	780
947	108
339	266
718	626
805	946
517	229
694	900
22	975
5	1000
596	725
61	138
166	385
884	196
443	887
291	648
42	734
435	569
998	161
201	425
420	264
989	461
752	582
532	586
63	375
553	133
273	240
327	585
469	692
200	230
502	843
185	728
598	843
386	742
441	108
384	912
290	277
827	148
650	677
685	193
189	114
758	662
859	336
258	425
351	266
783	610
523	249
50	370
882	724
46	432
931	480
645	230
21	609
155	847
284	332
204	198
156	710
110	229
767	360
742	315
806	772
535	866
25	516
301	318
123	694
91	696
644	512
532	353
369	761
640	616
231	632
150	654
724	862
349	309
685	200
351	607
527	143
260	778
241	526
710	379
818	394
773	609
369	491
876	426
323	992
823	737
725	830
891	969
523	559
768	807
434	375
150	222
140	989
561	841
411	239
466	702
318	633
735	645
424	892
61	722
890	421
237	530
110	534
744	611
260	314
644	950
458	672
562	718
221	434
374	462
737	543
248	337
874	785
983	475
570	825
220	246
135	314
212	450
327	294
237	196
117	412
118	291
58	258
109	615
374	801
770	559
606	656
302	501
463	110
574	922
251	611
253	476
949	219
845	829
394	712
425	634
70	572
830	471
616	821
845	140
676	940
747	821
282	571
508	145
123	125
281	750
302	268
213	794
230	438
704	480
562	734
729	887
596	183
801	927
805	812
227	442
110	702
950	266
794	488
684	480
977	588
487	750
478	985
405	290
201	830
677	488
56	659
831	475
881	237
451	336
37	785
908	218
198	708
267	189
743	216
619	978
505	309
264	712
699	735
871	462
72	218
513	492
795	845
702	851
68	305
21	851
167	503
484	763
394	959
497	963
521	471
982	500
931	723
19	654
806	189
99	132
113	966
808	675
88	433
866	807
115	253
579	625
109	707
626	343
877	167
929	701
65	169
458	258
803	265
402	458
406	811
815	194
117	947
321	224
608	563
688	666
465	744
284	548
443	983
168	737
371	477
40	646
516	584
905	851
718	995
711	435
57	680
507	846
438	773
624	651
383	366
135	771
806	294
593	378
305	599
195	355
432	990
252	767
834	954
109	387
635	494
830	948
759	971
727	333
804	763
151	396
544	239
958	441
219	993
470	556
779	548
665	865
490	332
704	340
641	859
175	156
905	100
803	791
531	927
924	359
955	607
370	546
551	638
278	341
239	500
618	191
159	855
534	822
639	397
984	977
191	213
740	906
515	687
163	680
919	210
576	519
69	820
563	331
128	294
465	954
610	830
316	315
953	791
463	721
309	727
603	806
222	212
971	412
49	698
978	481
518	982
172	640
472	808
736	688
25	702
769	597
271	961
236	284
46	601
328	977
800	430
366	928
568	529
360	661
936	956
666	984
602	868
139	131
656	910
796	453
300	147
960	912
295	588
457	332
676	245
706	741
869	272
850	836
445	150
472	630
807	861
91	345
19	941
104	441
276	196
806	948
781	850
929	845
928	792
601	738
522	668
63	656
262	418
109	113
325	385
878	492
354	855
53	486
215	154
708	421
802	115
341	481
48	636
424	297
924	691
823	141
696	913
737	817
149	140
332	789
534	765
1000	623
501	186
876	567
49	816
71	527
6	678
202	670
950	948
676	546
647	507
835	424
187	241
918	777
226	921
818	760
720	503
3	482
500	647
599	141
491	734
447	125
187	442
624	753
930	740
872	694
574	192
205	737
362	771
623	272
322	117
91	750
526	223
796	845
68	618
190	629
807	705
533	830
155	455
876	343
586	722
822	851
296	647
422	327
24	538
409	236
38	171
129	927
163	310
867	104
235	482
701	671
244	442
137	966
739	981
742	264
434	101
414	106
895	392
143	479
963	348
726	278
391	267
893	440
1000	701
592	214
851	784
679	194
153	413
122	309
44	267
633	950
942	797
481	471
257	514
712	831
491	553
363	809
404	706
680	158
384	499
345	841
246	690
245	410
825	433
638	654
835	362
796	495
922	463
229	882
290	328
319	511
66	948
751	424
231	454
420	337
581	840
877	154
381	365
870	772
58	787
379	315
941	785
728	900
673	330
858	748
418	566
396	652
44	642
24	693
342	360
292	573
463	844
687	170
301	403
948	977
356	849
129	536
194	540
802	634
65	812
952	624
350	431
33	191
226	385
999	458
77	935
618	145
569	314
960	239
49	104
547	697
529	511
807	390
554	414
694	565
794	237
671	726
286	540
338	312
128	800
370	634
212	110
367	153
909	457
118	771
206	846
360	547
328	982
616	316
578	771
807	578
422	982
598	726
543	849
29	942
795	553
9	212
935	198
175	225
297	883
673	484
43	130
959	217
4	125
323	944
620	678
629	664
775	137
865	697
757	948
750	616
45	317
538	739
793	909
48	966
673	236
25	898
694	235
250	964
147	387
906	452
561	425
433	581
552	272
627	548
981	188
135	651
669	997
446	630
396	503
877	664
504	674
63	857
936	117
268	544
930	423
548	883
242	876
593	443
244	950
320	808
873	953
841	602
173	194
71	259
337	924
162	805
20	495
437	485
941	392
172	996
258	773
249	332
763	967
712	981
846	213
536	231
740	342
994	926
479	907
243	582
776	347
806	858
459	535
590	607
476	854
234	214
262	798
703	445
939	965
719	582
104	571
210	830
117	174
960	693
288	569
642	773
685	958
530	977
584	783
684	751
576	800
535	429
362	145
712	436
416	759
306	497
539	762
133	258
477	634
803	819
723	240
269	880
214	804
254	1000
563	415
621	913
975	319
389	246
699	448
734	531
480	892
788	154
46	100
13	191
248	569
219	648
796	664
88	510
459	843
904	104
293	253
278	658
460	791
408	540
500	138
142	830
228	540
125	629
318	800
94	685
803	305
185	236
959	623
106	579
640	714
265	571
315	423
579	299
41	987
930	532
102	543
716	924
683	568
914	363
949	184
759	146
726	966
838	518
403	543
643	132
561	713
607	146
35	794
891	421
287	503
148	696
807	950
429	488
106	536
98	551
334	783
241	540
704	822
179	277
742	881
168	262
954	663
266	935
528	681
853	740
307	586
234	296
715	522
921	867
98	954
577	109
469	298
390	540
617	410
520	679
60	143
660	835
355	562
173	423
329	547
4	286
423	217
373	743
147	401
117	479
649	515
551	967
279	654
116	670
647	427
976	706
882	111
543	987
749	331
462	462
437	679
267	134
923	580
906	649
762	515
96	149
848	451
916	368
529	385
931	320
234	726
13	283
967	485
536	353
922	362
923	642
299	618
87	890
30	475
459	751
338	394
434	368
135	259
801	824
213	112
765	749
658	320
371	409
133	401
6	552
478	450
534	285
945	528
612	805
75	971
986	544
920	573
939	122
214	574
701	948
354	792
942	261
792	612
701	303
697	307
892	554
387	648
816	652
239	950
985	411
833	599
364	477
983	412
324	150
673	796
232	609
30	431
714	419
888	696
18	463
290	242
357	505
711	498
925	498
911	951
355	298
995	674
182	405
894	849
446	739
292	717
240	582
220	895
355	692
817	112
409	550
893	529
831	434
395	907
131	836
415	801
891	112
447	652
559	621
350	211
549	277
802	892
585	580
119	212
80	274
484	830
410	324
231	289
372	239
786	253
23	255
471	282
103	105
46	859
515	155
885	377
494	324
369	124
709	521
486	831
699	564
454	525
133	999
111	829
470	647
107	833
418	133
724	597
900	101
335	780
159	708
216	783
419	370
477	627
749	461
398	401
485	268
98	888
337	705
885	124
962	760
953	238
44	749
626	766
844	258
131	801
339	231
485	460
500	107
738	560
413	158
72	793
896	647
15	860
98	253
106	651
848	878
633	491
747	591
903	683
140	731
915	962
418	911
745	863
624	329
701	562
475	420
934	601
935	224
569	924
964	352
531	509
185	497
329	784
702	605
287	912
226	192
936	664
256	546
992	270
885	512
300	595
806	412
938	505
593	756
355	912
578	392
650	334
780	487
252	667
744	300
688	752
542	796
271	792
675	693
849	294
698	993
635	720
493	839
381	518
27	821
987	734
134	458
233	249
663	934
531	962
890	550
303	480
472	880
149	157
154	739
272	559
295	262
344	828
499	726
877	774
330	208
108	394
886	373
941	707
506	503
281	178
720	667
502	723
741	334
482	778
796	883
792	504
270	717
865	105
474	550
633	561
350	723
920	257
760	847
804	920
911	466
584	305
981	776
240	398
597	560
33	874
513	330
504	521
948	756
517	165
140	843
430	768
514	587
188	883
292	244
452	693
414	552
336	151
451	457
700	261
49	697
530	390
452	952
878	494
108	343
864	465
364	369
195	145
728	467
215	768
298	113
738	273
966	656
328	564
919	849
457	663
351	104
90	204
245	361
879	400
201	302
350	210
697	265
69	761
91	267
467	621
604	500
267	814
896	788
981	924
671	877
534	681
865	725
10	262
242	957
877	113
914	203
886	933
270	102
498	417
839	957
756	859
175	963
348	989
233	585
66	144
571	708
926	902
898	932
229	592
862	508
222	907
430	151
215	182
739	735
845	254
217	172
370	592
317	802
895	363
141	675
943	589
782	624
469	926
747	655
525	159
856	712
60	620
56	389
835	853
897	544
423	575
748	157
637	937
88	289
972	100
798	797
320	279
722	813
178	494
507	258
797	764
380	973
291	767
735	928
792	948
446	671
37	611
724	614
203	543
846	633
265	337
767	414
401	955
730	659
315	430
368	621
863	859
573	485
213	1000
834	893
106	239
951	632
976	786
31	842
170	501
970	733
229	190
587	108
393	268
245	542
351	919
513	628
825	355
481	911
139	136
194	399
232	764
801	882
470	839
198	150
144	417
880	703
706	279
642	345
161	438
815	863
273	970
991	506
670	275
699	244
106	566
123	402
665	345
488	445
811	365
470	772
684	388
379	421
836	946
630	892
382	520
51	977
615	540
841	425
348	954
889	323
873	508
503	348
719	125
867	216
990	587
290	102
16	211
375	333
199	482
521	359
381	976
365	362
752	150
763	752
528	462
869	978
949	584
241	974
28	451
412	165
439	877
285	465
490	536
993	117
314	214
855	707
254	680
551	102
848	281
544	740
860	742
337	851
61	798
170	676
656	903
130	203
332	579
191	209
736	331
156	993
812	727
428	861
764	212
84	837
666	175
487	922
738	478
546	452
496	922
295	427
924	808
645	552
900	788
529	407
447	690
514	528
683	288
818	502
259	105
436	332
623	620
724	433
467	930
164	813
154	247
154	581
55	946
909	839
950	946
521	639
163	442
874	202
417	276
202	668
900	491
724	470
366	130
64	184
470	877
568	601
781	576
172	721
232	520
509	976
913	664
81	440
816	946
121	988
103	537
86	557
651	166
502	205
710	128
361	731
888	447
421	792
726	925
541	427
376	777
612	141
611	777
744	366
818	852
565	283
402	829
687	365
925	557
439	110
960	753
672	249
91	194
374	518
723	339
3	911
974	764
506	631
451	761
746	221
136	460
723	627
979	266
309	152
79	905
158	549
557	245
316	520
760	158
170	706
22	816
618	853
930	676
413	377
322	302
576	230
779	637
304	688
860	596
690	103
444	662
137	317
304	690
19	631
755	525
97	538
969	436
538	298
381	943
746	313
824	240
984	195
747	993
439	960
659	661
767	180
487	188
314	832
322	109
48	424
326	731
593	109
630	563
541	296
886	773
898	844
238	922
439	563
218	819
900	808
25	989
236	193
555	491
111	535
790	446
51	305
935	492
966	591
223	982
264	400
270	437
475	154
48	478
232	473
435	532
365	860
631	679
507	372
16	352
501	466
132	726
78	402
131	659
144	924
717	412
688	125
369	801
593	648
708	202
598	341
792	525
587	871
35	899
849	907
296	102
983	626
882	322
944	125
882	345
213	887
739	818
511	519
582	457
984	979
924	143
481	598
39	268
355	233
5	229
537	613
100	959
466	263
517	638
540	764
345	599
766	429
834	255
792	431
31	984
335	596
442	999
962	569
646	590
760	675
79	983
203	810
154	717
143	349
634	925
757	973
328	260
842	994
6	629
54	240
269	235
901	258
463	624
755	975
849	526
146	715
365	396
913	584
981	519
964	593
779	706
362	433
104	540
32	779
780	520
949	439
515	650
368	584
433	807
702	338
284	549
752	763
213	477
313	921
359	619
862	251
872	878
606	575
572	795
972	872
28	931
558	881
896	259
768	269
297	487
390	387
710	745
915	360
747	614
563	646
204	700
64	770
441	662
823	220
734	159
201	637
900	395
770	795
570	875
971	387
349	292
472	983
316	309
455	327
248	416
159	405
506	862
398	150
59	857
837	512
743	663
237	180
134	167
142	214
255	738
431	549
662	303
286	681
150	354
939	320
314	282
47	197
383	777
595	187
954	485
31	149
297	587
208	297
599	524
64	273
826	323
575	622
463	127
190	368
169	162
437	896
301	617
91	814
598	539
556	580
144	687
794	261
556	322
168	563
380	555
158	709
424	370
376	139
877	170
298	945
530	734
863	674
102	283
557	189
859	969
123	273
616	896
260	635
369	848
524	243
414	688
492	866
879	337
130	475
381	607
736	558
112	899
491	566
714	369
225	169
568	488
83	390
789	469
124	115
735	202
800	249
379	933
114	717
702	365
232	956
868	498
272	310
506	268
471	514
195	747
447	377
480	878
86	364
868	212
68	972
430	958
819	929
711	714
870	299
788	229
957	292
757	271
273	430
935	565
164	746
213	363
49	858
575	616
888	211
15	273
592	245
335	225
44	409
758	763
362	747
552	212
915	552
973	309
738	335
96	677
989	899
905	276
271	993
100	448
463	650
288	952
253	706
794	997
173	446
901	749
679	127
245	483
402	604
485	606
429	806
854	125
137	721
978	561
980	471
717	194
848	300
946	194
524	277
454	943
947	238
129	791
980	710
272	347
932	709
112	189
948	140
17	306
325	636
558	838
790	465
786	631
815	574
762	626
134	299
671	755
507	867
257	806
944	856
253	837
752	140
928	625
215	811
121	469
179	658
660	940
982	320
604	622
977	783
549	828
56	434
566	868
412	421
897	190
945	884
939	376
90	979
308	579
202	275
453	919
532	992
496	198
719	428
596	387
636	506
402	473
491	197
59	309
234	879
118	263
546	504
149	462
497	641
834	410
910	911
314	156
892	627
50	393
806	651
520	686
581	438
753	923
968	535
823	360
479	940
697	366
338	546
505	756
998	590
743	554
696	174
404	976
836	301
771	847
515	745
986	768
240	715
6	101
483	292
739	335
180	820
767	499
801	930
348	107
951	766
614	209
697	582
101	444
975	306
228	496
190	632
894	422
803	511
381	236
652	526
337	228
901	868
672	596
239	143
97	227
189	314
911	345
482	586
757	688
692	984
431	496
51	700
47	267
51	562
277	138
756	864
201	854
19	677
823	431
588	857
443	953
124	637
616	442
574	245
818	160
467	617
142	217
705	844
176	693
900	622
463	991
524	592
254	548
861	391
487	134
838	425
891	120
871	225
396	646
47	513
357	441
165	144
540	583
548	959
1000	851
548	922
362	688
226	811
581	778
840	545
196	473
24	397
501	955
399	304
851	248
55	620
339	836
644	730
747	750
936	304
263	377
62	320
222	589
684	178
653	828
369	744
405	891
729	277
66	916
177	246
731	215
946	201
513	536
302	652
120	114
989	665
753	378
279	895
352	114
144	113
974	716
138	270
143	975
194	505
172	609
101	890
971	296
361	152
665	865
123	821
832	936
226	419
350	832
542	784
425	247
402	367
636	257
619	373
101	348
830	112
898	465
294	755
117	989
654	667
649	628
774	266
67	677
709	983
657	562
183	395
886	798
816	178
985	918
441	446
973	237
209	264
273	688
294	455
157	185
701	942
622	911
711	353
6	787
57	275
567	692
901	564
779	241
790	232
732	734
342	932
782	203
88	296
41	902
977	150
861	147
290	691
741	888
72	983
427	326
775	353
384	413
208	607
18	724
284	877
499	840
419	670
616	663
353	129
945	559
866	576
639	439
572	109
466	385
974	340
792	756
934	883
603	100
251	202
353	187
903	647
220	569
667	291
685	541
91	110
305	409
157	681
358	151
160	193
669	556
83	566
870	603
670	458
920	505
422	326
489	351
853	800
332	547
664	918
411	903
69	145
465	151
509	341
508	731
238	230
158	232
797	837
980	763
823	797
275	690
179	711
100	573
750	848
894	854
845	452
46	178
529	991
806	959
854	778
679	664
687	238
849	407
550	893
497	619
800	139
431	193
87	244
756	684
408	777
306	909
630	979
482	399
255	977
606	586
316	712
66	224
108	860
855	928
263	431
296	413
850	495
161	935
335	632
69	113
677	926
678	837
635	734
780	328
344	766
848	757
819	165
443	858
652	287
950	182
312	713
39	595
497	395
517	725
715	414
727	173
476	982
831	906
111	972
475	170
544	199
643	124
644	303
966	522
840	636
283	993
463	224
600	685
441	898
893	539
122	532
267	829
557	348
659	712
973	380
184	417
997	739
323	206
701	907
240	944
499	188
590	864
556	263
697	890
706	212
118	752
892	690
804	330
655	519
230	506
140	501
741	312
476	698
401	248
119	904
639	523
939	215
904	299
358	414
160	595
498	509
42	596
552	450
148	258
912	651
786	492
458	762
61	599
246	944
325	630
139	552
482	579
585	282
407	422
661	688
624	589
830	781
132	502
205	207
154	127
286	598
726	887
893	164
865	738
993	811
11	702
190	941
429	947
20	142
692	840
193	269
488	234
457	932
819	998
306	161
486	421
235	329
891	663
708	622
474	886
360	597
124	826
538	725
438	438
261	492
645	631
641	178
385	841
575	779
872	814
500	726
763	375
677	779
742	854
949	738
894	605
442	455
653	246
617	146
223	692
96	482
882	704
448	694
670	533
864	182
405	838
850	469
43	964
594	972
31	240
484	935
132	470
162	605
428	180
578	547
352	447
604	480
231	1000
280	539
817	320
597	866
964	635
989	494
338	813
637	852
132	425
224	213
50	140
4	174
554	418
404	173
227	984
574	586
614	206
372	215
698	593
391	248
513	658
98	156
109	674
828	305
872	993
37	722
811	765
717	909
427	779
402	728
196	448
945	832
163	436
2	799
911	553
196	724
1	620
586	696
495	709
268	844
705	173
217	107
313	666
174	190
851	743
730	154
407	599
733	850
352	524
821	172
479	872
923	272
454	433
210	346
768	799
364	667
524	450
505	756
698	288
840	863
831	779
927	127
577	260
31	323
327	721
55	341
148	293
844	855
42	545
353	344
654	203
405	114
221	249
504	149
964	872
517	900
932	239
794	757
939	754
758	400
97	728
896	207
466	673
329	642
542	604
436	673
667	918
80	496
847	226
771	121
869	187
637	885
458	390
602	930
517	723
618	340
635	842
122	733
813	776
456	251
708	327
707	785
734	428
150	468
492	766
431	488
648	391
663	484
875	816
216	456
600	531
920	636
774	557
566	604
716	390
749	865
552	164
50	467
292	660
963	553
121	427
751	300
720	802
971	620
251	369
141	992
817	517
48	526
833	125
161	300
919	821
519	228
784	319
701	225
48	225
875	784
944	735
781	905
354	365
407	338
651	450
490	388
366	351
816	928
343	837
584	848
186	992
490	904
801	177
50	758
542	561
420	548
679	191
808	681
73	643
942	325
832	670
267	823
887	409
632	563
744	948
543	979
87	994
431	237
665	857
665	679
584	470
834	617
102	965
3	628
438	122
857	838
247	180
351	850
44	186
163	553
564	820
346	942
679	560
996	506
94	121
885	856
712	125
105	147
834	147
223	731
131	164
275	582
73	691
88	541
334	265
286	337
743	492
170	354
3	820
990	495
391	311
158	959
41	644
35	723
959	617
192	704
852	316
624	757
989	589
574	568
682	906
698	188
581	845
662	827
978	905
821	468
678	314
107	338
752	477
600	799
387	206
900	338
365	450
139	132
538	740
277	293
481	174
957	284
231	915
938	103
622	989
460	620
247	988
896	636
685	211
371	587
335	286
240	126
609	353
635	940
730	163
11	504
913	828
428	463
803	149
500	452
555	674
160	447
90	258
913	335
482	922
686	892
306	649
137	683
984	949
948	167
494	374
277	345
437	694
160	467
227	913
755	118
302	599
300	995
230	279
39	413
309	226
438	754
455	894
904	252
840	514
461	776
752	840
610	966
453	815
711	988
763	901
285	481
63	501
904	804
913	935
632	955
804	837
979	187
653	827
683	802
373	112
262	886
636	930
2	637
743	798
631	926
238	134
144	732
449	118
824	741
69	746
130	632
846	192
278	436
961	338
329	441
659	827
516	531
313	867
92	589
941	205
659	572
264	155
524	623
152	794
61	854
357	762
924	139
452	973
974	713
769	354
4	823
403	323
542	321
187	509
457	932
700	861
138	723
466	140
327	945
118	381
140	694
688	559
700	628
712	884
57	876
175	391
541	692
560	235
359	940
353	301
657	877
156	276
175	922
486	252
182	322
564	190
989	510
963	227
199	799
658	613
568	486
644	608
221	485
460	638
936	484
813	500
735	442
907	690
659	242
916	622
387	605
921	620
566	827
423	772
284	970
520	392
600	181
995	322
722	134
306	861
597	985
763	870
60	185
145	936
710	229
266	672
225	864
322	596
493	121
238	740
235	154
132	122
862	851
664	398
826	643
192	257
966	871
632	976
677	453
842	650
728	599
803	377
414	821
780	892
284	344
991	676
672	234
51	927
324	740
965	933
56	189
578	376
490	339
856	430
276	428
161	628
922	846
929	822
742	368
799	867
743	328
172	404
327	355
903	222
691	651
461	112
632	334
126	778
446	154
618	992
151	945
767	380
915	133
7	846
169	360
270	320
40	723
974	232
293	136
516	535
485	126
61	318
329	926
393	754
618	108
119	473
535	799
907	900
841	452
297	755
519	879
359	155
613	118
877	531
66	639
176	282
640	921
367	136
13	945
387	886
283	349
167	144
806	562
892	627
96	866
888	761
800	275
806	420
969	871
352	958
878	866
393	305
219	562
822	755
535	549
952	779
121	930
224	450
556	832
89	304
215	626
437	526
689	620
275	464
689	588
243	197
203	107
43	160
700	746
276	512
635	456
725	602
932	279
110	217
577	633
229	839
778	956
65	431
318	739
767	946
251	900
55	265
130	417
703	964
319	535
282	644
26	304
183	923
585	412
78	191
326	775
329	352
647	928
577	409
32	511
96	436
528	217
457	171
252	167
993	421
979	630
995	907
735	738
702	678
544	245
35	819
608	493
503	847
547	255
622	800
643	474
237	768
126	762
348	467
60	101
514	739
354	186
929	798
752	813
177	764
229	447
874	906
674	304
726	172
664	582
866	516
884	254
864	551
99	479
836	794
361	872
603	311
114	520
469	206
703	190
781	329
985	728
991	479
971	278
849	775
923	682
312	145
872	649
537	947
560	780
496	357
611	669
891	206
134	374
773	555
11	148
560	832
216	911
863	922
238	271
807	132
198	956
641	767
180	707
537	929
822	774
361	429
350	638
592	854
46	893
356	176
53	493
668	922
95	429
272	504
523	488
54	297
534	689
42	382
990	911
913	494
805	816
804	441
682	230
954	249
245	687
502	868
447	781
910	117
886	256
748	232
139	449
826	850
237	647
383	514
167	656
453	762
372	800
611	573
938	960
68	712
308	138
909	594
964	731
141	627
866	490
249	744
312	320
614	185
12	447
880	890
918	730
892	932
941	749
209	157
514	400
973	776
309	808
65	964
620	482
310	566
436	233
608	554
380	285
671	707
510	947
196	488
110	829
475	836
14	318
398	679
520	673
130	608
694	380
319	127
542	480
201	565
416	651
268	228
565	923
474	915
746	634
180	593
177	825
872	946
66	232
371	499
318	640
283	412
517	417
792	360
976	430
290	472
929	589
861	908
332	953
21	588
571	641
44	480
351	707
191	367
97	880
24	822
33	581
604	880
232	527
895	810
805	406
253	956
692	855
247	630
179	256
194	348
631	993
870	690
700	895
72	950
460	379
861	348
172	939
38	499
496	806
923	793
978	913
845	943
628	290
860	492
207	800
213	151
802	873
457	595
372	531
899	848
430	299
549	910
614	964
464	530
19	350
308	465
18	742
360	799
629	339
768	495
317	649
956	834
822	847
499	418
750	432
610	574
926	760
441	961
687	362
67	549
981	346
761	399
576	168
36	266
842	416
814	416
492	276
738	137
149	641
949	781
315	715
173	170
3	276
196	590
4	528
465	866
403	651
213	515
589	381
618	922
796	381
976	970
3	522
328	365
693	482
706	782
944	566
326	930
628	907
784	552
361	385
945	195
68	592
191	753
921	793
115	538
171	869
425	583
510	410
739	560
150	385
813	880
715	801
339	852
357	484
553	276
398	998
349	349
787	522
727	631
682	704
325	248
852	561
69	403
534	778
578	539
798	639
428	555
257	774
216	566
376	283
761	426
625	594
343	331
505	262
936	250
970	431
834	232
175	899
821	258
19	475
270	436
57	435
535	126
6	615
737	137
626	425
96	297
147	958
939	190
743	827
45	981
722	638
875	803
840	170
90	339
988	106
9	528
967	105
815	680
793	834
613	830
335	155
854	732
950	221
671	504
151	578
255	348
932	175
907	161
262	310
943	443
572	988
155	568
741	366
1000	331
556	666
722	515
477	348
991	187
238	940
285	774
142	729
47	740
228	712
464	823
319	774
600	131
920	521
553	473
827	650
285	742
206	319
596	792
908	513
366	722
616	382
915	424
131	449
618	997
449	448
133	485
970	672
550	455
301	572
585	480
638	151
639	777
785	951
421	535
773	640
289	687
415	335
419	288
429	906
607	224
534	394
406	376
756	381
494	936
1000	548
705	551
497	944
577	740
953	867
109	575
494	384
832	330
713	995
993	738
960	550
65	537
119	119
926	202
310	259
783	770
590	100
781	789
620	168
786	127
210	317
146	955
170	357
357	591
865	252
970	404
413	587
274	885
19	544
764	703
546	789
19	194
405	166
353	116
44	594
302	999
965	567
326	653
91	110
262	618
545	208
712	823
997	515
182	681
434	370
652	315
731	346
752	545
352	694
986	725
747	794
648	446
966	510
598	933
624	518
257	837
848	917
946	531
108	451
9	825
206	659
339	335
631	637
228	152
755	668
800	626
534	962
182	686
315	591
896	656
280	740
209	172
873	250
546	912
530	285
802	436
643	466
511	511
245	260
538	339
88	511
431	961
408	648
970	839
263	769
611	369
413	292
918	349
250	201
323	549
851	367
924	475
764	103
644	688
552	991
66	501
200	197
741	342
897	747
489	855
550	226
633	457
252	875
924	956
280	255
847	367
552	280
671	567
864	863
405	618
984	257
43	859
179	881
462	684
286	745
532	701
89	834
680	794
857	417
855	644
208	709
416	583
178	891
126	852
432	590
604	356
996	205
11	268
849	312
531	193
128	721
719	289
681	148
130	848
30	555
244	972
265	688
120	355
748	332
737	421
348	705
688	201
878	302
859	662
9	660
791	601
900	223
640	459
361	766
59	348
216	564
951	769
353	135
3	741
181	119
247	138
489	271
507	181
258	307
969	232
227	350
296	278
544	280
703	562
723	869
46	839
315	115
2	564
409	592
456	896
171	698
392	311
224	108
762	347
815	585
375	693
551	485
503	390
194	219
533	630
129	526
307	896
628	119
58	893
200	946
2	612
857	770
161	673
937	886
675	948
456	864
255	663
49	585
473	405
251	889
348	900
706	785
790	997
533	538
892	922
386	786
854	470
937	529
338	940
592	365
985	202
973	276
934	979
691	393
500	543
860	427
304	107
774	135
961	353
752	133
434	443
678	555
289	268
855	368
699	945
977	928
3	819
528	786
345	271
60	320
879	156
860	218
533	881
887	377
678	647
128	211
916	964
379	208
274	886
792	716
327	126
507	205
196	353
125	120
123	488
546	630
499	524
93	934
352	680
450	881
109	233
557	580
343	167
78	736
556	639
236	520
752	402
913	851
434	703
545	603
292	180
337	501
861	371
475	224
430	534
225	758
898	125
991	557
337	710
975	179
828	698
466	332
819	342
271	951
223	591
770	496
342	956
270	928
422	486
312	834
19	545
610	377
541	873
12	825
323	220
409	1000
784	696
963	755
235	980
501	171
864	104
145	988
453	500
590	578
530	712
674	421
828	665
951	530
195	427
553	981
762	911
957	236
731	613
686	495
277	227
521	605
40	798
967	246
731	209
87	945
872	241
8	252
656	450
653	706
183	603
186	629
527	551
489	875
953	192
132	806
414	826
686	161
20	906
457	783
289	568
834	254
271	162
731	254
72	469
36	336
704	535
939	914
385	736
300	733
816	882
952	903
893	551
745	782
309	101
606	859
421	732
785	599
340	867
382	583
892	608
441	433
560	565
126	287
600	145
755	246
213	219
580	535
347	801
558	364
625	807
216	140
426	905
855	1000
679	800
561	501
245	586
62	945
176	696
812	873
452	548
179	562
895	187
610	223
549	352
697	868
403	213
915	742
264	327
281	779
777	712
400	531
992	443
912	408
749	139
842	229
190	242
311	517
388	706
95	570
6	806
65	178
406	940
519	436
384	773
716	988
563	712
174	567
113	226
849	139
278	525
170	804
837	475
986	428
231	343
839	539
435	951
260	286
36	931
230	260
915	477
87	751
294	136
905	768
508	957
719	642
202	424
277	112
110	718
304	957
29	569
125	982
523	787
391	582
225	720
791	149
170	282
299	518
838	492
831	622
523	984
100	144
12	743
238	945
52	474
183	150
286	786
12	348
737	629
260	908
542	364
19	115
841	910
797	639
810	642
247	255
923	947
272	533
491	743
857	118
535	788
734	497
571	823
31	518
955	123
484	646
88	157
625	139
388	306
908	235
152	930
937	621
749	693
643	868
231	307
869	868
377	419
98	669
956	576
628	528
58	233
508	328
425	868
200	971
383	768
766	996
925	212
683	542
257	167
889	310
952	221
43	133
96	910
27	107
857	503
273	351
468	207
177	526
968	654
202	539
47	611
798	850
527	485
667	383
4	635
34	701
118	896
94	569
33	285
541	626
958	414
870	313
287	649
558	347
395	848
655	383
359	362
537	885
33	989
996	217
736	835
611	469
844	911
206	727
266	499
517	269
212	914
117	789
100	292
430	242
905	529
913	967
46	156
274	167
284	694
542	971
574	559
406	375
227	213
381	139
803	236
212	980
366	129
468	929
252	324
136	749
379	993
542	318
684	969
950	201
25	225
467	957
754	844
326	361
983	397
191	347
864	140
616	827
17	611
964	573
309	910
706	252
720	104
195	419
167	957
606	149
683	321
568	973
268	902
721	363
649	424
979	242
320	688
723	823
504	488
607	912
523	910
751	144
196	511
540	367
529	298
627	523
345	988
841	173
711	642
896	885
5	479
54	317
23	909
503	329
493	472
673	433
88	747
105	242
249	923
522	845
710	396
186	226
636	191
371	302
763	452
190	735
544	487
297	126
166	135
263	291
232	821
446	311
496	531
726	871
645	498
553	234
60	963
230	382
311	721
772	849
688	139
18	959
560	560
905	516
895	984
998	680
728	378
473	796
24	876
937	697
71	624
339	374
750	260
617	469
359	592
358	332
247	860
31	318
766	977
370	170
668	682
145	135
745	373
650	961
50	745
439	947
609	638
554	854
649	876
401	941
359	812
758	538
402	197
182	188
415	635
135	450
565	339
339	403
45	663
960	636
38	577
322	256
415	199
374	852
599	238
247	744
453	632
854	429
387	339
258	707
187	276
810	638
866	836
759	945
763	454
47	983
487	241
990	686
870	839
830	383
500	557
489	628
528	767
388	775
931	705
926	579
86	679
253	806
794	575
380	118
587	976
287	694
445	514
425	177
751	542
458	748
763	420
888	167
700	676
197	762
480	358
93	159
825	726
919	694
376	270
685	609
679	362
499	476
917	322
945	780
133	801
675	547
364	802
513	752
631	485
935	468
792	740
419	438
331	258
334	219
112	389
987	528
817	162
224	743
257	280
97	664
470	649
152	934
867	934
896	171
786	434
511	283
293	441
235	681
559	480
360	259
32	604
415	289
66	662
750	563
100	626
22	982
976	360
307	429
372	459
919	566
948	522
485	736
291	876
151	530
13	455
322	968
155	885
589	258
258	512
251	198
218	198
543	516
309	185
488	100
624	781
844	133
59	539
205	766
436	891
797	124
970	175
909	702
716	131
319	215
466	888
848	535
103	694
676	804
802	525
167	220
292	266
985	663
703	870
911	775
789	714
509	303
779	883
548	734
895	372
967	617
181	434
555	931
64	365
944	371
150	853
606	653
535	292
997	642
294	907
946	999
563	505
397	465
585	428
677	991
977	667
116	945
851	406
98	894
724	977
670	287
262	331
534	523
392	479
163	151
533	111
451	854
333	880
885	349
698	776
617	621
325	620
779	844
535	578
742	132
225	395
264	763
382	845
759	216
164	179
564	558
561	462
982	964
440	708
814	506
274	895
467	113
458	489
621	722
306	410
17	387
868	789
576	962
918	524
842	278
578	893
578	411
329	765
6	155
79	480
767	904
284	649
856	491
246	143
920	637
362	619
921	700
337	584
7	195
528	666
52	884
772	332
542	210
459	215
57	130
763	668
734	833
139	452
12	563
34	549
570	987
851	818
624	491
208	144
823	585
309	443
558	640
203	238
687	672
598	566
20	211
16	847
678	628
10	851
348	418
13	726
48	477
596	218
618	551
146	961
557	637
647	370
425	186
720	728
985	740
38	851
864	501
967	417
241	686
994	485
353	221
63	938
147	747
251	239
55	131
986	511
526	983
362	416
473	296
658	480
592	273
598	490
400	622
913	671
229	309
794	707
757	1000
482	916
860	921
699	178
527	139
659	497
436	804
974	814
998	125
795	363
213	574
624	428
914	760
864	463
355	800
662	777
611	348
379	995
199	105
310	304
387	375
44	416
842	124
316	285
95	270
477	345
976	774
800	359
880	491
770	114
306	719
230	723
179	912
484	199
16	972
340	876
953	272
454	743
169	836
749	312
231	997
990	259
917	486
784	879
812	618
754	853
15	294
86	511
215	428
698	429
944	326
896	415
913	142
223	412
742	380
367	282
925	415
854	529
784	875
48	286
59	520
978	627
942	278
831	119
40	936
143	956
50	554
776	599
372	452
909	446
575	902
134	164
599	745
992	776
480	803
636	392
525	462
931	546
44	536
718	165
980	849
218	833
489	329
23	983
640	989
302	819
741	988
626	411
170	620
777	392
143	883
642	464
993	190
67	749
977	374
929	425
708	674
607	278
834	623
850	167
584	153
687	805
598	263
506	220
697	292
360	570
464	261
136	588
772	399
938	226
295	590
536	622
592	291
460	514
820	724
889	542
313	654
53	802
562	277
875	993
953	243
429	370
797	233
38	368
455	121
804	839
463	893
612	714
761	647
671	346
193	104
779	634
757	334
898	527
251	963
936	122
441	472
716	377
722	834
137	241
758	665
369	702
298	169
71	256
365	259
489	524
987	194
828	658
30	759
276	863
310	384
16	472
825	266
86	892
863	882
255	465
868	107
661	505
564	346
666	404
211	980
85	542
292	305
555	704
870	858
914	729
701	353
98	577
743	341
371	780
635	263
568	633
773	232
477	929
325	903
246	811
895	194
599	936
972	118
43	597
328	341
523	260
541	975
159	192
214	372
677	477
493	870
464	949
481	165
487	146
228	539
578	657
371	151
989	446
613	898
399	278
166	322
297	530
497	892
14	176
777	378
738	940
570	306
855	738
239	540
870	591
931	254
308	473
898	642
597	146
234	984
761	447
375	307
189	759
765	348
385	184
899	634
920	562
516	583
741	805
232	796
190	794
3	445
876	363
122	500
482	154
708	994
128	802
992	379
422	567
663	798
815	186
810	335
514	520
812	376
849	372
745	602
622	151
993	459
782	690
81	546
47	252
195	680
831	779
556	229
997	940
500	852
472	434
389	536
600	838
525	181
960	917
656	527
638	950
566	356
366	575
117	697
44	558
645	904
205	293
860	331
17	485
574	376
857	607
548	901
60	228
993	984
11	489
285	178
331	158
709	465
354	354
965	245
422	249
459	342
853	245
972	551
827	981
699	879
341	232
97	195
357	621
192	636
664	751
100	815
865	990
584	128
499	989
55	723
112	946
690	270
538	475
500	540
711	514
914	269
545	587
813	516
557	547
732	291
223	925
20	246
656	891
253	456
709	619
445	471
279	432
839	355
717	376
29	223
1000	849
301	591
643	964
900	950
104	232
714	901
325	514
192	156
299	875
924	202
284	386
231	314
914	606
40	124
644	771
735	551
86	525
212	689
109	839
417	519
289	431
91	593
333	914
685	655
179	462
948	221
595	801
194	506
121	233
429	460
637	382
99	156
448	976
756	719
371	182
699	998
912	592
213	381
739	368
172	367
606	474
494	827
222	204
613	557
336	231
848	384
166	407
905	582
655	634
29	860
751	983
105	634
3	802
342	902
382	796
566	305
794	900
207	742
195	823
749	982
63	696
298	937
558	463
220	470
896	206
114	643
517	395
705	924
37	293
633	810
530	636
758	566
862	518
861	680
613	209
470	918
147	115
309	175
898	269
590	863
530	819
853	361
242	709
975	833
974	567
486	151
131	350
689	573
614	624
668	142
594	430
338	648
917	729
58	784
405	283
954	308
935	287
160	419
520	994
159	704
646	709
202	906
57	827
352	231
122	377
601	732
651	879
813	139
281	815
168	344
165	510
769	807
298	112
481	385
274	337
622	907
883	214
697	990
133	470
351	485
932	690
423	745
35	114
982	496
87	705
249	359
540	908
210	293
573	453
68	629
518	772
726	709
874	966
305	628
116	911
264	568
198	854
590	927
85	428
961	107
26	716
241	863
89	609
870	110
992	325
278	935
9	154
727	435
495	352
680	563
243	988
415	903
275	829
182	947
733	962
208	963
935	727
604	750
457	530
970	590
564	516
422	289
186	712
318	101
273	964
439	906
88	682
127	197
663	355
366	953
556	638
473	161
762	452
403	838
137	323
216	575
955	183
643	123
633	860
534	339
496	371
208	510
324	151
762	290
517	642
399	147
731	524
637	936
852	525
359	976
993	941
312	408
907	926
533	854
160	578
450	394
785	399
681	247
610	917
265	360
435	975
900	352
577	974
307	444
754	849
352	829
629	957
573	928
238	890
115	674
504	913
127	717
643	965
526	173
521	115
706	863
189	711
247	807
463	226
631	616
323	880
526	150
31	457
724	384
903	226
235	781
187	255
428	783
351	230
557	236
76	807
665	615
831	232
292	692
986	421
38	129
811	530
321	820
875	440
203	607
138	100
97	320
819	775
620	953
597	880
451	499
525	470
625	596
983	301
455	371
880	632
149	770
266	725
659	379
535	877
103	340
73	644
867	424
822	147
33	429
14	846
452	289
827	780
259	703
635	973
416	388
904	736
107	578
372	984
867	998
435	921
128	452
452	560
552	798
327	395
185	997
603	702
269	777
264	127
135	505
548	129
25	545
199	492
335	940
430	944
630	139
465	414
961	899
265	209
299	132
427	529
46	468
237	490
1	289
932	789
613	960
907	190
677	103
274	455
247	359
988	738
195	114
34	989
129	769
257	122
629	836
4	539
839	325
148	338
930	948
687	974
886	960
375	364
635	495
704	675
262	756
695	906
878	306
989	613
501	659
35	601
343	470
117	897
390	846
411	962
724	685
572	149
152	197
896	190
234	765
60	883
133	668
832	629
729	368
615	549
592	236
196	133
410	398
843	736
761	718
32	976
495	634
343	770
673	127
53	942
621	826
817	817
114	285
556	544
414	520
738	118
496	442
652	272
72	912
183	922
744	190
531	866
912	963
971	348
536	989
646	412
253	540
408	295
270	893
213	236
74	859
474	528
26	554
191	514
180	757
197	556
185	945
954	745
820	783
855	525
95	902
283	699
960	955
413	331
413	202
559	699
346	808
603	425
133	907
496	584
964	578
327	647
302	486
403	806
736	315
212	322
265	219
938	751
111	253
983	548
904	660
865	492
806	735
674	729
513	517
642	959
302	924
95	978
406	340
890	404
620	611
488	176
565	985
229	604
965	526
455	292
439	401
95	524
731	439
542	799
722	145
463	925
123	915
201	152
567	810
110	828
602	888
755	609
334	223
135	794
827	455
597	843
297	193
188	640
811	668
406	780
458	659
944	622
416	177
109	155
270	491
131	237
362	605
173	403
691	933
297	802
727	648
437	477
686	454
510	385
98	859
726	537
473	518
926	175
961	588
273	469
161	520
531	335
588	183
402	583
353	418
838	157
517	199
556	373
88	744
841	392
74	129
617	481
448	495
526	471
438	439
338	831
947	411
765	870
808	912
863	561
191	556
923	775
934	323
558	773
459	475
232	236
963	377
487	868
923	172
958	388
518	602
77	654
94	741
79	466
446	278
666	257
268	369
273	395
226	835
144	539
353	485
949	366
283	213
99	329
428	139
330	222
63	351
903	619
977	795
828	644
711	497
275	672
388	613
493	852
212	102
225	536
140	854
846	377
599	534
750	506
163	503
503	930
181	194
831	213
127	136
501	868
792	173
696	888
562	876
528	957
372	897
820	423
607	630
317	203
763	260
17	334
406	863
792	842
887	149
171	819
529	825
963	280
323	575
794	409
341	663
517	245
549	997
667	681
103	549
224	688
223	592
722	958
304	419
835	727
601	796
272	102
818	563
221	422
392	653
253	563
210	652
320	351
6	359
341	118
924	613
894	804
541	256
768	941
381	888
767	834
708	711
925	257
333	201
391	824
377	394
923	747
700	338
246	124
577	404
463	371
544	972
615	884
68	993
700	690
975	518
874	466
946	748
361	256
706	498
21	942
454	727
706	952
985	764
723	653
105	585
273	578
546	628
354	467
276	214
596	910
480	521
798	166
618	902
81	871
795	441
540	174
238	620
870	513
682	372
890	241
254	784
651	611
679	345
206	871
290	422
888	350
296	642
940	533
350	305
835	964
969	964
974	890
17	931
735	879
818	352
89	824
8	839
927	505
183	211
492	212
693	587
657	921
417	133
479	725
520	344
644	385
393	580
47	789
704	202
438	845
771	719
198	886
180	624
616	533
808	793
189	751
53	633
505	994
958	335
811	130
614	204
388	827
988	404
584	773
604	347
616	426
731	805
613	400
121	776
945	317
900	163
394	158
180	495
785	311
71	900
877	110
204	420
385	696
830	451
881	127
760	100
786	747
903	312
740	1000
492	550
235	521
572	199
959	991
568	683
582	644
936	986
858	606
504	780
551	443
131	847
195	677
475	956
117	788
536	471
172	636
768	952
970	289
639	191
481	135
971	874
553	370
27	580
800	125
524	799
227	906
211	502
84	380
548	173
497	713
686	114
983	676
102	726
687	112
272	501
636	986
248	386
449	679
190	624
842	607
128	942
895	716
8	237
545	560
4	635
770	364
901	971
132	232
942	271
131	898
224	824
907	327
678	866
837	985
609	654
506	507
620	493
583	880
715	938
656	990
48	445
161	144
751	305
297	942
535	847
587	685
695	401
742	218
586	871
747	266
795	659
234	802
737	348
121	664
548	155
745	761
716	871
470	329
955	359
922	593
587	274
779	409
823	564
610	871
983	336
952	220
870	819
174	336
598	942
603	770
385	334
186	934
659	756
873	267
381	701
419	296
762	900
776	509
12	630
543	954
316	586
80	607
984	415
179	855
30	447
15	275
46	238
963	112
150	933
879	203
64	747
780	269
982	459
567	764
438	575
744	277
175	782
619	707
240	877
447	162
985	161
969	809
403	110
324	200
647	613
585	794
362	353
522	443
444	488
733	898
472	220
947	780
315	241
661	206
836	249
887	616
542	199
874	142
305	258
307	536
173	967
37	385
387	433
336	824
431	181
800	859
83	568
7	203
976	135
966	608
375	974
13	695
365	382
576	140
89	784
65	992
311	221
169	631
197	818
517	864
363	758
176	769
294	721
804	905
872	374
499	941
742	211
546	130
497	643
650	286
256	381
931	815
408	884
406	389
827	368
953	605
462	925
635	281
39	301
915	525
508	793
777	801
102	986
866	142
195	423
120	120
996	145
572	245
758	475
272	211
641	854
697	621
377	309
725	960
651	519
490	476
328	989
852	616
405	923
405	781
473	110
618	776
940	816
75	184
49	647
477	519
311	825
292	689
220	848
313	711
503	911
491	882
237	384
66	797
142	130
478	622
195	667
171	573
748	952
280	341
24	709
272	148
825	609
919	853
211	271
677	725
591	625
931	583
650	338
329	981
827	305
333	443
147	732
82	157
765	893
583	343
971	440
482	354
633	228
61	129
592	700
966	609
605	308
254	540
272	457
813	779
773	569
15	816
393	222
469	643
747	756
631	483
337	825
883	507
458	937
806	428
486	305
794	419
891	378
622	324
269	284
949	415
709	748
492	807
977	358
369	640
919	174
740	966
563	419
688	958
819	682
40	344
951	316
944	309
652	318
546	309
645	394
513	352
344	607
222	683
726	998
892	253
277	168
89	791
983	958
659	824
995	815
40	721
545	661
997	865
115	548
642	343
17	506
731	884
454	698
95	350
183	918
603	454
100	682
736	785
713	771
157	578
72	158
123	661
319	366
170	807
523	771
606	514
165	641
821	732
624	943
132	881
538	262
620	361
594	287
881	760
655	792
150	465
901	334
494	980
4	244
651	176
177	634
264	424
804	878
980	604
678	649
646	122
367	768
435	824
732	412
896	437
263	797
657	448
458	495
899	962
913	176
375	433
826	642
358	761
482	416
95	308
402	346
468	997
951	567
228	202
505	454
471	520
471	846
241	129
104	129
283	370
236	578
267	613
729	267
466	283
769	815
740	567
626	976
554	483
822	847
389	956
74	420
116	425
516	409
136	586
231	206
238	831
712	947
885	448
547	467
539	114
920	240
648	366
956	487
186	414
488	963
540	488
504	362
637	356
95	558
901	182
195	401
81	391
578	887
993	727
672	428
636	655
521	387
443	588
538	859
569	224
225	350
679	313
339	234
840	862
942	436
271	601
51	438
416	519
226	428
441	132
593	674
938	303
277	300
304	955
701	345
169	340
641	995
127	204
519	962
888	343
500	544
517	192
725	211
122	141
912	984
539	643
652	658
958	496
845	152
779	299
369	721
484	757
496	864
18	745
26	398
899	333
856	614
923	880
921	156
328	947
889	633
955	127
320	425
742	717
23	205
987	344
107	410
256	317
575	783
85	254
603	349
850	532
631	291
155	436
419	860
463	729
343	598
51	655
59	993
978	143
702	377
23	120
588	522
6	339
543	758
562	427
573	224
354	764
950	798
131	197
367	162
20	781
349	414
445	977
454	108
127	573
861	126
744	683
300	714
143	250
374	182
459	834
51	590
475	908
857	306
521	812
29	957
392	808
798	743
515	689
855	259
130	447
836	908
457	695
365	288
80	204
384	167
539	853
175	516
656	193
856	376
240	528
764	417
632	558
973	715
585	563
629	157
732	374
608	590
470	972
371	859
17	819
588	417
854	347
690	467
892	671
566	277
794	985
14	419
319	303
28	435
888	603
684	938
39	393
776	625
279	902
120	299
137	788
23	861
994	304
834	949
555	446
863	960
603	981
84	565
280	591
451	561
277	654
458	905
639	894
869	656
23	208
206	409
194	531
263	416
654	448
817	599
857	616
54	558
777	976
311	570
821	437
803	401
557	100
945	834
436	541
767	800
527	787
334	813
996	468
532	778
246	248
354	414
647	161
287	193
743	646
238	134
199	700
938	426
260	836
855	992
997	768
440	818
370	673
205	572
956	213
997	263
365	483
342	480
84	392
9	114
590	394
273	247
15	245
808	853
961	471
218	869
470	113
310	519
798	449
952	897
177	967
114	156
590	909
813	715
527	342
755	876
25	100
223	680
862	920
743	983
233	929
453	870
156	546
752	484
73	792
978	680
103	711
13	592
770	632
34	577
755	637
580	698
906	999
492	487
580	502
602	169
401	115
83	641
391	425
344	242
772	643
796	577
366	725
895	863
624	189
918	130
835	625
648	298
950	483
692	175
537	582
994	584
269	317
309	911
505	532
667	886
406	506
423	207
132	854
340	788
569	905
972	615
413	219
976	140
323	265
470	394
797	312
187	618
395	344
764	631
377	277
709	135
159	994
155	976
322	745
773	135
530	984
558	976
607	872
421	823
195	185
146	606
995	244
696	503
368	119
938	509
875	891
390	466
696	607
960	191
599	123
931	580
363	307
223	232
69	850
45	465
750	983
410	377
418	663
781	783
31	827
192	499
981	161
633	252
195	557
303	427
797	433
949	132
744	416
936	324
752	233
965	262
831	348
729	750
559	369
211	440
226	424
374	469
481	668
744	787
381	626
331	461
473	113
802	249
132	534
178	288
603	102
638	516
8	863
525	244
433	155
331	222
679	530
623	174
246	896
826	173
829	628
528	667
791	609
22	150
358	789
790	373
589	523
259	563
242	478
905	964
915	284
869	683
540	816
160	356
401	784
696	336
538	404
850	502
266	930
988	439
472	174
296	168
69	403
248	125
988	115
444	670
43	434
979	391
953	263
854	295
341	521
555	626
278	179
246	579
222	735
277	291
159	596
452	793
27	338
463	854
946	392
773	449
742	139
182	683
475	844
444	684
43	337
531	516
640	466
184	660
198	633
914	503
8	226
289	236
544	924
457	183
724	566
822	240
837	907
450	500
886	707
687	957
783	347
781	877
61	188
115	332
459	754
384	555
10	923
300	738
362	577
692	388
340	962
993	404
874	967
102	566
790	713
871	886
594	274
491	669
955	587
290	334
709	457
328	139
830	753
955	179
200	656
726	366
149	606
135	261
817	195
874	265
254	971
868	275
728	792
51	761
81	424
331	433
860	688
512	383
890	218
224	490
676	567
5	282
370	540
959	646
913	176
517	528
835	896
126	359
818	355
56	665
622	629
95	224
598	722
685	614
873	248
544	646
22	769
990	799
681	557
101	354
352	231
333	373
371	877
668	885
154	996
100	990
731	968
585	831
97	301
470	727
843	170
668	772
192	630
818	387
632	869
862	252
878	553
770	379
21	404
486	555
220	996
215	242
97	564
667	283
265	120
858	204
329	818
549	417
362	512
387	811
36	157
82	449
783	221
241	182
440	702
927	699
155	800
506	145
503	717
367	182
336	206
609	254
769	300
38	332
497	444
904	297
250	601
131	524
229	265
80	116
586	939
342	293
685	479
505	341
114	156
108	681
650	173
823	224
385	220
132	170
450	136
191	971
543	685
948	819
929	143
847	722
807	619
11	494
116	472
579	375
594	837
995	596
196	602
348	700
310	148
881	511
597	540
322	530
919	245
606	292
915	550
369	114
480	646
569	330
730	117
204	685
907	806
230	225
661	962
599	316
525	599
244	996
662	705
614	540
67	686
396	678
760	221
791	631
543	826
692	148
94	423
18	116
301	235
652	836
939	733
954	636
131	964
96	186
55	756
164	228
161	153
163	819
104	645
813	240
326	117
58	551
172	682
733	235
494	311
53	999
965	888
497	661
666	798
414	115
171	916
881	575
475	822
564	515
626	332
783	148
433	418
414	295
630	242
713	755
884	155
589	326
102	501
299	184
645	871
49	749
744	187
214	842
177	446
22	569
138	442
585	584
110	961
59	263
619	250
49	324
499	622
22	521
94	834
28	249
210	312
318	204
412	855
644	417
352	503
784	920
76	723
181	841
626	292
703	139
734	396
957	976
773	249
277	348
269	235
470	220
753	641
264	864
39	210
569	983
586	275
278	170
36	567
452	756
567	148
68	631
861	473
774	594
712	677
794	452
318	293
38	654
405	206
678	217
295	466
135	974
98	244
411	222
495	333
323	657
243	181
647	218
667	147
319	703
44	181
320	609
861	526
125	248
289	502
514	911
63	884
68	334
568	446
800	672
983	226
23	850
325	404
735	485
319	559
151	697
483	790
615	801
689	170
999	189
206	887
181	788
560	236
499	369
65	525
144	143
714	605
173	499
107	153
88	566
604	340
696	854
944	635
901	925
595	648
525	648
380	242
183	542
338	864
309	520
786	301
514	229
173	185
762	673
195	678
800	520
330	200
855	959
733	207
448	492
799	108
318	486
415	483
48	942
470	435
466	398
724	891
109	715
691	873
995	129
241	170
698	912
418	673
526	243
56	145
984	768
842	133
880	688
924	969
183	268
115	345
578	399
824	814
720	863
60	322
55	502
315	489
804	477
510	639
115	506
128	548
524	671
434	883
110	859
915	998
6	153
684	189
774	151
523	387
841	497
402	690
518	949
205	323
305	621
262	176
715	650
323	431
328	861
815	192
15	704
560	965
788	420
470	570
578	796
892	314
894	360
115	742
724	498
978	591
460	987
787	704
829	847
463	311
928	114
756	118
368	660
811	330
1000	899
199	988
139	244
224	805
442	646
164	682
145	326
328	393
117	156
431	136
560	729
1000	945
851	225
17	960
381	133
65	899
935	645
538	672
86	690
161	108
372	918
684	652
234	755
282	516
370	403
230	693
356	211
514	473
296	203
797	637
747	365
790	512
551	290
215	167
928	715
617	480
204	219
973	643
468	364
128	576
745	302
738	472
886	798
610	377
962	185
913	517
909	756
699	964
878	505
879	946
196	521
23	370
825	370
641	523
465	565
435	480
791	724
349	888
22	468
87	495
201	726
983	806
665	719
212	791
566	173
978	932
437	683
544	169
88	541
13	165
827	886
871	400
555	470
214	315
864	491
833	167
289	935
146	445
564	705
448	656
67	518
381	825
308	125
807	594
937	427
337	249
896	898
426	850
837	424
300	394
253	505
149	735
886	609
279	593
95	921
499	495
145	451
455	845
178	301
878	591
594	815
214	449
348	949
93	624
955	397
549	156
11	111
809	959
672	391
487	758
353	717
613	608
944	493
433	307
316	382
195	828
262	993
992	892
159	179
109	844
711	395
528	675
616	777
567	769
750	178
33	422
964	819
694	691
613	424
816	118
52	133
538	361
134	167
951	275
64	824
888	287
286	176
240	398
165	448
233	953
406	401
326	827
505	413
470	722
916	894
994	528
767	112
476	685
505	718
316	625
217	472
496	615
507	902
322	909
724	833
823	824
613	416
284	496
740	385
707	961
914	788
144	124
923	694
299	543
190	145
96	457
366	998
464	731
139	496
88	900
103	509
996	959
829	524
258	627
310	728
463	142
268	153
104	991
807	410
736	464
192	783
213	787
722	118
247	481
954	441
645	245
902	416
631	463
164	162
916	514
985	598
130	354
541	281
6	290
603	748
484	994
678	895
826	477
654	477
487	908
259	548
535	758
155	231
181	948
645	620
559	179
349	446
810	431
620	281
605	988
617	849
320	292
255	336
914	120
140	725
442	881
12	205
355	856
3	985
952	784
433	568
412	863
199	820
954	552
709	459
881	651
534	379
166	978
823	330
866	223
160	372
959	607
397	916
848	121
730	503
706	709
562	963
758	754
939	967
776	499
399	557
699	763
986	857
662	263
678	408
561	633
344	815
470	906
200	164
342	373
247	802
92	852
436	532
118	213
739	398
86	454
657	316
771	415
222	236
603	783
861	767
917	935
609	247
534	548
325	174
873	710
757	962
959	970
580	822
190	868
213	831
474	766
675	583
417	137
904	455
210	365
603	537
594	317
870	745
645	286
565	735
593	593
903	958
728	736
79	704
754	304
730	517
582	735
689	378
494	678
710	624
8	980
778	670
980	977
637	201
678	498
15	165
257	353
192	230
629	657
637	627
448	987
862	252
196	495
46	127
453	393
809	222
838	958
453	190
763	973
818	677
243	729
996	165
584	392
475	552
752	300
991	680
928	227
574	676
513	657
1	601
978	316
109	433
975	564
230	876
389	427
603	439
738	346
416	699
872	796
57	533
26	819
911	573
418	323
381	483
363	506
992	405
214	911
423	271
329	738
819	106
415	829
1	744
813	839
6	656
733	114
283	341
275	694
211	429
932	838
951	657
78	729
819	489
593	965
419	602
709	541
571	382
745	228
978	322
915	506
899	868
373	142
178	939
948	256
961	472
439	728
827	633
881	215
227	117
995	504
164	175
698	896
195	130
272	784
12	445
498	911
803	680
246	201
444	107
20	279
238	560
715	172
773	143
695	169
367	485
703	637
58	112
524	917
925	880
82	711
856	449
2	751
679	436
840	312
140	875
464	753
964	777
946	720
639	717
67	973
195	491
860	587
655	551
146	119
653	870
205	289
637	587
305	691
598	684
820	386
858	609
616	580
394	514
478	964
292	944
341	529
757	663
85	816
457	216
763	493
133	903
700	817
325	675
829	288
549	246
365	390
220	987
182	685
270	764
617	694
676	981
271	952
831	872
392	882
393	680
717	151
889	927
761	321
237	906
865	500
631	503
731	339
393	245
126	648
310	347
743	860
129	648
222	975
897	305
990	301
779	966
505	227
461	352
166	554
177	526
648	349
586	690
41	329
62	777
967	975
943	833
863	246
799	240
729	406
865	924
582	952
387	668
138	823
300	705
741	614
800	124
958	178
110	187
140	240
628	951
841	470
380	921
869	166
681	916
970	967
771	220
662	987
419	752
483	447
153	888
608	684
71	781
270	292
108	252
33	917
747	852
825	238
575	729
247	758
56	735
33	405
311	867
939	410
931	835
23	147
127	127
253	751
868	413
972	407
830	696
942	887
997	925
695	480
943	861
997	403
347	838
424	217
48	168
968	879
574	924
863	724
563	774
344	622
309	941
508	847
133	828
905	949
378	484
42	299
738	971
951	462
752	774
529	983
443	433
513	794
934	546
484	516
101	336
25	917
761	191
645	745
893	555
12	476
898	103
642	793
280	574
474	664
580	719
1000	422
946	614
271	397
450	652
722	762
508	530
373	520
750	895
659	521
56	304
165	972
15	291
295	727
894	215
203	545
762	712
49	248
779	193
612	216
683	863
161	889
682	570
475	416
188	447
304	108
654	541
638	153
306	358
340	639
873	238
587	495
947	176
485	292
701	780
326	853
251	460
344	124
368	738
729	756
556	370
110	434
338	656
114	477
460	372
60	550
98	569
622	1000
732	301
809	221
814	790
463	615
682	550
783	181
195	875
181	987
759	163
525	376
812	507
248	796
834	526
843	157
24	577
897	380
803	267
111	321
27	576
646	363
371	677
632	390
828	645
817	221
793	631
958	758
651	357
455	597
294	260
343	654
685	763
658	883
773	262
631	271
253	453
731	200
50	428
115	359
213	884
59	857
980	152
487	184
707	503
2	256
592	901
754	654
620	375
824	345
384	241
232	358
882	483
373	108
109	656
926	986
395	959
981	391
34	326
40	913
879	721
166	596
278	387
483	143
839	669
516	918
590	106
165	658
240	812
5	681
295	268
338	868
643	861
929	881
81	824
384	697
650	691
613	445
480	748
402	561
452	976
854	865
97	116
998	210
151	827
2	748
307	115
139	637
46	695
584	909
276	976
39	431
203	334
636	364
831	102
63	969
7	120
917	195
509	439
399	234
590	174
701	661
588	795
421	686
933	507
808	927
291	318
21	293
654	661
999	115
954	630
688	424
266	218
299	977
972	616
50	950
860	973
53	936
749	889
198	971
310	137
146	693
460	532
297	896
264	848
441	220
260	922
870	893
761	563
225	506
852	502
976	920
352	757
868	801
634	780
419	811
375	772
97	329
809	520
47	301
20	545
279	885
295	207
299	940
831	854
905	729
863	267
468	922
512	569
496	185
785	818
709	220
175	341
299	770
665	960
290	912
648	515
15	412
902	264
986	466
560	872
577	396
773	892
463	711
239	811
409	711
53	839
110	293
383	235
963	939
337	817
746	640
529	844
51	561
943	132
888	327
525	443
672	935
518	227
960	748
705	564
508	568
515	857
19	834
952	229
16	806
61	249
63	336
562	654
931	154
792	380
695	897
469	236
643	338
661	772
565	487
734	567
674	319
448	688
628	207
82	614
532	830
417	630
240	684
613	920
225	117
608	450
519	112
464	147
163	516
634	799
899	132
804	485
432	917
693	315
48	277
340	619
214	998
77	107
932	946
926	717
910	331
955	734
573	290
159	726
329	582
495	448
841	628
161	600
496	920
664	586
547	443
625	928
534	563
822	309
557	145
77	304
500	598
546	994
472	608
565	979
162	259
391	676
112	725
375	444
450	819
758	213
701	151
316	746
238	907
671	654
577	186
456	595
854	994
771	684
589	214
721	156
665	786
801	598
319	683
267	359
930	924
803	897
579	294
297	844
613	146
333	887
459	567
413	402
977	521
708	643
880	801
711	674
90	414
819	309
734	386
937	840
754	274
171	415
869	877
245	351
354	956
267	555
529	159
448	631
143	190
326	141
296	581
903	734
374	247
308	390
276	473
162	158
344	910
612	195
139	440
664	886
64	136
93	816
22	815
810	388
122	276
222	305
306	410
149	821
730	583
978	519
536	228
870	930
245	646
995	695
326	167
627	127
108	500
859	737
854	459
301	238
176	192
303	764
259	318
181	919
190	279
136	108
104	212
681	931
834	179
239	279
210	934
770	775
847	844
7	490
131	915
326	941
576	196
704	425
400	455
192	914
974	312
952	869
558	147
495	604
539	946
932	751
713	449
349	196
617	850
402	774
298	940
63	882
669	345
433	481
283	526
208	534
339	964
391	102
474	652
196	830
350	714
901	295
401	444
658	328
741	263
194	966
169	239
60	292
501	214
84	214
682	158
445	990
342	729
258	616
85	284
170	853
749	767
791	180
162	487
493	757
514	267
631	794
30	672
366	929
152	543
318	315
459	268
661	928
854	107
821	270
831	912
590	582
764	997
627	587
149	707
267	499
277	686
299	961
675	421
895	463
44	661
497	224
775	289
649	393
515	859
745	677
629	771
347	331
377	558
75	601
745	978
702	205
405	417
491	403
679	739
229	307
899	284
447	312
5	324
879	799
17	350
777	711
404	918
145	551
503	233
115	385
919	951
983	978
767	137
281	282
670	447
130	973
4	586
429	696
783	554
261	416
100	504
641	102
566	936
169	578
744	520
568	850
342	923
2	563
491	333
725	453
378	443
865	583
694	212
393	582
94	155
689	571
567	380
48	392
257	420
433	862
229	266
599	420
952	930
23	362
215	292
459	971
496	516
779	894
932	252
560	708
960	108
700	356
80	424
624	705
826	783
15	965
421	516
583	143
645	497
909	709
998	593
445	393
24	671
672	212
621	369
467	306
556	839
226	896
109	626
418	737
899	580
183	144
397	832
557	574
246	476
517	876
972	694
583	720
490	442
314	837
790	662
179	241
131	449
348	469
965	949
918	101
432	714
437	193
998	528
743	758
522	601
810	974
214	437
179	607
958	968
186	252
154	649
175	900
62	285
18	439
858	621
969	785
427	991
496	469
209	282
644	175
474	989
968	307
926	620
539	333
125	879
395	752
658	794
55	567
140	898
678	380
981	880
282	930
736	530
590	360
645	493
126	525
36	405
341	843
888	415
5	234
953	525
748	947
840	678
324	511
375	543
602	894
615	990
568	690
813	172
675	281
457	634
538	753
355	735
795	177
308	802
83	527
130	408
972	274
864	274
723	725
149	930
719	875
765	183
594	366
32	337
799	964
330	724
465	245
171	637
494	938
445	603
790	302
182	125
94	947
75	113
702	574
812	383
736	532
723	744
220	768
223	431
240	298
782	644
798	522
303	935
280	619
206	552
486	496
838	1000
494	596
899	928
642	326
604	248
533	686
913	113
792	925
276	471
116	245
798	448
862	715
722	883
218	335
903	249
217	844
835	972
910	541
109	856
445	800
37	672
441	592
135	307
886	946
457	594
327	342
582	513
910	613
964	306
755	196
738	447
142	714
741	903
439	863
676	386
482	182
462	353
470	454
727	642
258	376
448	611
108	681
845	863
868	687
452	375
379	367
533	244
617	526
675	899
343	560
131	901
815	890
815	106
241	805
433	418
779	243
953	957
640	409
720	999
960	981
791	176
87	396
582	886
343	429
779	365
351	859
614	427
609	836
109	488
24	714
218	639
932	916
967	830
264	581
740	890
155	284
149	908
626	575
846	914
626	257
553	414
892	375
581	665
774	634
925	425
102	781
730	745
748	927
488	652
672	435
96	203
114	361
371	912
679	443
93	765
654	230
833	615
757	697
426	931
266	403
85	173
465	255
564	102
950	484
300	697
398	395
964	481
697	456
23	739
202	185
789	536
577	549
339	728
832	140
419	181
159	251
155	877
545	619
953	479
843	777
365	223
977	807
269	784
215	389
568	199
577	721
486	990
609	294
26	563
513	287
308	890
651	941
560	851
943	303
447	357
515	459
896	113
161	969
128	520
211	349
246	493
591	223
738	642
93	205
961	146
5	563
38	497
199	950
166	782
686	215
975	671
293	796
66	109
657	673
448	536
212	342
591	919
499	796
474	678
525	199
17	884
642	973
88	708
196	920
670	435
761	900
366	887
793	411
462	327
791	211
845	572
295	188
496	266
463	407
570	700
928	206
189	772
652	584
204	318
405	660
860	595
324	701
73	229
241	878
570	712
934	674
669	218
654	994
901	212
390	372
202	380
889	524
153	904
974	500
327	903
692	513
462	131
434	141
220	168
55	244
686	282
189	395
403	496
79	488
771	120
871	962
265	888
238	363
156	204
483	529
576	652
347	545
804	945
271	835
822	514
966	943
50	810
73	294
30	469
845	454
148	687
585	135
768	344
661	123
654	382
230	620
197	200
566	954
663	965
27	311
85	111
211	127
627	285
900	727
663	341
164	140
733	624
470	501
24	827
349	690
493	906
915	116
346	165
187	994
755	160
256	839
927	407
348	725
557	934
512	256
721	213
568	722
15	602
350	569
379	690
584	845
573	185
600	724
714	390
956	973
995	485
226	305
641	122
173	386
531	578
141	462
211	103
313	316
780	358
723	437
141	634
530	957
892	329
270	896
502	306
878	905
28	265
492	405
974	876
555	508
82	806
210	381
676	834
177	204
546	539
228	297
440	917
877	175
19	639
83	290
889	900
66	672
828	602
594	806
294	744
726	627
814	768
238	840
574	239
565	431
715	894
815	186
540	202
906	235
282	918
272	833
173	653
480	477
332	846
192	742
25	300
131	835
906	844
252	717
461	569
237	373
133	768
939	689
592	797
927	171
599	337
499	145
574	838
297	114
441	779
448	935
983	911
283	824
774	163
349	443
66	909
378	950
26	521
437	878
294	900
901	803
34	215
665	302
302	754
460	456
334	947
210	590
770	640
375	133
327	165
36	236
476	511
999	123
369	491
363	716
563	659
432	997
463	591
536	572
540	457
592	496
26	454
814	989
854	974
138	828
219	122
22	927
216	245
11	148
525	232
893	696
723	815
117	225
968	941
999	842
597	985
256	250
726	910
22	640
641	558
650	983
479	167
687	994
634	422
700	991
307	618
55	456
469	485
283	802
862	572
422	749
234	727
170	966
798	673
579	628
82	829
627	506
418	255
196	298
923	498
89	717
920	495
53	561
623	827
535	668
986	174
436	630
533	375
979	736
101	539
309	451
548	116
981	197
651	229
997	732
800	333
564	364
710	132
866	974
744	560
622	610
732	317
412	176
420	342
67	808
627	820
541	830
600	739
191	689
759	684
263	213
723	343
755	768
431	520
803	479
215	808
786	476
488	917
199	403
457	525
260	198
456	362
505	641
517	700
121	351
363	884
681	494
711	573
702	417
714	874
639	483
433	414
93	329
282	465
949	780
391	521
839	211
293	528
454	145
953	638
682	416
657	138
568	889
890	787
647	805
577	444
489	658
10	342
792	639
330	207
177	611
176	232
356	738
236	967
472	878
641	419
203	389
482	639
6	328
21	177
362	724
625	675
904	317
377	390
602	325
750	431
914	312
750	256
728	349
454	722
211	781
504	636
333	666
840	340
265	939
370	195
729	416
919	996
496	300
580	254
827	756
909	731
146	237
242	995
414	661
523	386
913	451
222	372
563	951
915	272
429	715
518	632
696	952
638	644
116	590
295	745
985	260
436	250
664	781
22	988
266	416
337	202
704	489
194	807
330	956
132	257
37	893
974	518
344	436
963	898
693	969
78	263
958	810
45	572
341	819
225	778
795	760
648	261
875	115
357	158
104	506
543	200
341	189
474	222
697	217
722	797
830	716
939	533
391	873
672	934
971	332
414	254
750	500
323	115
942	643
613	443
860	930
571	936
207	220
52	600
201	329
254	915
455	592
817	909
473	571
290	513
939	219
830	545
72	649
628	698
480	758
760	985
178	510
448	122
695	494
89	231
343	907
481	512
375	935
424	770
111	641
785	732
30	831
279	893
744	468
766	347
611	445
539	191
315	719
626	548
444	455
397	453
32	727
497	790
551	291
594	788
371	288
481	924
558	580
557	527
97	197
833	664
790	537
903	720
479	446
670	513
648	113
310	845
49	582
646	152
137	299
689	121
559	970
711	779
511	804
412	209
115	796
301	730
937	887
364	516
245	945
663	123
150	695
793	298
366	379
979	687
724	500
499	134
345	811
652	823
843	616
708	604
889	794
960	502
710	874
597	242
348	520
648	333
218	745
395	692
345	174
118	305
446	439
287	288
710	596
686	325
536	612
350	389
250	348
720	567
761	561
946	581
644	859
928	259
624	561
695	829
637	292
255	806
998	137
78	523
344	310
536	824
758	409
658	487
867	784
192	652
37	581
550	142
728	972
681	133
627	997
173	289
25	891
353	317
105	826
128	450
74	953
82	773
567	707
660	609
917	115
788	827
767	951
898	739
383	371
145	312
221	845
79	499
628	954
214	722
608	107
131	513
487	872
918	766
369	250
177	905
66	440
28	490
741	971
783	917
839	918
273	536
280	171
934	120
531	446
845	795
820	842
556	428
682	781
934	839
605	116
231	930
457	814
40	395
234	108
311	957
576	607
223	980
223	407
301	859
169	290
859	155
318	282
513	563
793	651
345	104
309	300
26	703
65	731
361	198
513	772
361	375
444	810
372	488
637	324
818	355
545	817
501	151
223	813
907	234
848	165
752	736
809	172
975	485
453	344
612	191
80	990
979	500
181	876
732	906
98	992
990	961
121	466
976	358
69	821
109	206
490	248
378	975
174	714
210	806
355	459
373	243
42	482
906	848
775	223
173	177
698	631
60	977
669	756
21	212
651	312
666	682
378	659
970	927
503	350
645	522
978	600
225	689
881	936
670	590
628	760
295	950
8	641
713	481
526	966
984	499
215	913
474	121
447	972
947	674
455	963
833	380
756	778
27	467
111	329
446	607
749	590
202	575
685	323
499	692
562	903
756	668
953	917
827	852
955	990
142	891
680	853
234	109
976	929
276	123
266	617
603	705
458	925
741	811
150	860
909	422
659	148
259	260
724	745
37	697
244	459
998	889
214	193
457	474
910	954
72	280
407	260
716	285
100	563
569	230
464	780
499	311
197	172
837	803
696	713
12	937
42	778
810	226
717	977
544	486
768	769
775	577
101	643
927	151
994	910
101	374
783	343
792	478
221	476
352	620
499	441
237	410
192	620
348	647
843	851
644	777
517	611
915	579
242	651
800	256
154	799
756	115
389	761
230	850
773	821
850	236
213	986
416	261
86	363
744	337
145	138
493	536
267	497
777	725
61	948
415	334
754	513
677	737
729	478
20	183
913	587
221	611
776	947
145	493
520	441
572	227
134	734
694	731
862	625
531	680
38	793
213	785
193	743
258	958
594	533
730	296
654	408
577	544
313	770
360	973
76	766
518	636
922	297
546	703
645	548
536	336
695	240
48	571
135	344
566	157
844	292
979	589
979	838
416	589
282	200
185	889
301	760
546	682
146	960
577	789
782	576
445	145
862	213
66	184
483	329
38	790
422	483
273	434
309	323
449	116
746	288
618	731
351	367
148	587
903	836
559	882
483	167
221	510
670	224
398	751
774	479
861	823
454	339
326	336
786	142
87	834
155	790
935	313
824	680
4	879
563	258
890	998
973	609
760	550
296	221
594	664
380	599
73	874