10000
4000
85	689
690	348
870	857
41	737
868	763
457	603
889	958
119	880
35	412
606	167
989	398
452	256
471	951
128	480
813	929
892	116
640	453
951	148
782	287
62	714
189	309
582	811
161	765
65	896
977	308
491	268
415	667
376	541
529	239
660	276
353	330
486	679
648	494
776	385
949	330
604	595
470	545
136	827
455	109
574	272
427	102
491	693
385	525
673	430
985	344
838	698
611	794
39	725
135	744
654	840
361	771
453	573
224	198
763	237
621	456
959	695
230	536
845	786
192	739
861	424
204	432
180	472
199	723
301	920
59	113
187	890
742	439
269	429
453	616
991	666
108	517
500	855
802	834
688	771
373	637
876	553
902	492
750	218
519	300
226	281
83	577
769	254
464	1000
727	507
170	109
598	834
590	235
477	443
994	923
838	938
11	353
290	648
613	337
322	739
664	454
741	502
481	115
797	785
154	819
590	324
952	884
429	740
793	152
145	838
564	413
720	422
2	698
681	846
840	709
261	251
623	590
433	599
565	310
188	323
916	965
503	852
307	209
429	159
637	719
22	479
111	386
356	795
539	664
29	316
136	685
637	482
981	501
182	520
515	310
327	619
155	163
431	820
194	221
72	677
657	570
916	391
756	510
795	504
425	437
68	228
302	748
549	944
931	938
646	687
354	154
217	904
886	204
602	866
850	930
667	829
697	470
780	828
967	166
246	882
120	736
388	123
677	197
223	794
96	753
296	807
532	860
601	131
336	828
277	121
406	417
565	838
707	920
348	616
646	464
21	455
167	642
23	256
216	796
79	832
876	424
222	169
279	414
907	869
676	857
699	939
648	903
240	489
768	763
39	741
957	428
988	975
903	930
222	533
222	606
549	227
571	942
542	483
637	651
391	549
12	849
674	813
160	165
699	543
739	656
645	450
811	437
26	108
398	580
832	377
881	477
445	513
20	554
153	415
781	499
774	769
839	296
475	760
7	404
149	674
414	468
719	961
641	477
525	499
839	351
597	895
337	532
286	372
744	216
217	861
769	200
377	147
926	377
169	712
99	432
654	299
786	508
397	802
353	532
942	837
35	509
584	355
933	749
562	970
560	923
635	291
556	483
685	507
185	646
50	642
726	338
733	798
603	989
672	207
647	284
767	271
192	492
839	122
252	788
53	151
333	899
165	826
228	824
82	942
798	847
38	367
645	392
325	900
196	104
155	163
897	666
211	779
862	788
596	958
956	655
388	821
540	967
479	670
979	394
143	806
864	314
950	195
639	581
93	387
38	259
88	187
473	143
548	872
306	147
407	984
439	870
279	191
880	571
742	824
418	344
590	864
69	122
177	648
695	942
410	490
679	103
976	909
969	477
115	706
838	555
909	546
791	303
220	178
228	723
638	401
56	791
237	474
495	523
454	461
216	831
856	517
494	174
474	892
76	859
223	138
94	931
74	695
311	103
515	520
334	703
460	693
291	640
656	372
335	559
254	190
207	417
790	210
205	537
547	308
707	906
566	477
486	469
305	763
817	543
487	239
860	684
681	258
21	430
267	771
847	507
67	154
81	319
959	907
971	773
705	371
632	923
235	786
589	842
218	380
930	329
190	291
341	168
729	518
818	659
991	416
770	572
895	459
7	320
86	606
645	972
83	768
459	681
99	626
275	640
271	828
181	124
214	931
763	574
858	676
522	725
686	911
965	912
842	884
170	752
283	996
832	961
635	954
154	670
575	192
778	309
722	635
331	372
333	863
730	502
983	384
586	914
480	957
7	936
886	258
910	668
259	229
633	748
659	976
752	984
91	216
738	708
971	358
256	427
413	692
312	869
21	105
994	241
341	797
214	772
268	795
925	409
99	745
294	272
177	761
841	289
965	754
481	598
658	113
395	713
472	310
335	339
225	658
813	994
639	446
525	361
23	538
542	106
154	769
90	359
802	524
252	759
497	809
741	519
719	850
372	708
558	141
525	887
730	828
965	896
980	386
963	806
783	525
743	125
214	846
222	462
801	709
448	699
397	101
197	598
462	211
522	797
737	423
752	115
827	629
382	859
968	464
678	989
917	849
431	905
676	512
706	410
993	860
832	326
976	226
33	197
20	105
949	694
440	770
360	171
222	726
4	502
661	130
766	569
771	537
423	213
806	793
656	235
980	425
120	472
614	924
144	520
891	916
371	703
834	778
262	589
641	583
812	354
647	854
153	579
920	889
496	156
181	318
374	341
379	602
387	156
574	190
645	523
713	821
627	557
334	805
957	655
609	744
263	246
207	148
464	515
735	590
972	352
147	832
217	810
380	724
967	647
216	494
674	271
966	551
263	778
745	574
660	431
771	652
632	693
61	309
304	701
210	837
627	886
382	247
235	493
179	314
502	655
902	414
946	845
147	891
624	427
217	249
945	924
308	112
881	551
904	555
976	364
626	681
818	785
505	415
525	853
336	526
935	246
613	874
465	679
256	318
41	232
674	104
33	536
987	520
617	384
479	390
680	970
15	111
275	458
534	240
131	642
56	795
567	482
884	406
34	513
637	265
189	216
757	824
954	963
509	560
957	541
336	448
269	574
266	185
735	608
627	305
540	574
555	152
976	305
866	659
827	263
513	509
934	814
576	517
528	982
49	773
478	168
657	215
618	843
200	272
246	603
596	672
847	282
830	938
896	921
358	237
639	466
633	832
720	422
569	242
216	196
135	718
821	628
120	357
299	204
624	265
37	760
64	261
775	137
904	479
241	112
248	228
684	408
628	918
969	888
88	512
722	136
787	432
27	172
885	994
912	494
819	176
681	138
719	648
310	788
935	584
227	769
215	639
365	380
322	475
217	323
5	761
624	918
744	352
882	768
19	547
334	610
145	273
601	479
856	392
259	108
127	841
962	511
583	990
284	912
721	340
462	768
400	311
636	934
413	781
83	298
149	921
847	144
222	817
595	675
530	553
837	933
741	995
808	303
54	987
172	425
536	205
556	235
952	541
430	794
927	983
955	839
587	951
925	433
580	226
508	571
538	791
93	680
252	222
923	105
932	573
394	268
439	381
469	736
408	864
350	381
402	521
44	474
4	819
615	360
524	968
38	918
830	841
657	111
648	526
497	412
33	143
633	391
576	906
912	769
733	765
351	792
725	179
87	183
574	506
576	323
24	446
913	196
79	669
871	697
218	645
279	655
935	665
522	714
136	982
820	710
265	795
26	176
150	693
327	580
614	111
494	427
304	451
495	723
35	516
197	977
326	407
863	707
191	288
416	278
924	792
713	368
848	791
500	439
316	203
627	912
990	208
867	171
425	293
87	234
600	493
822	803
639	458
417	405
417	212
177	134
888	158
216	498
40	659
561	332
747	906
734	591
674	256
724	782
856	613
623	358
148	925
2	255
732	368
254	795
538	296
795	486
725	895
538	376
322	678
297	165
167	183
838	845
385	824
80	557
220	952
874	725
876	806
963	864
696	190
870	113
734	653
111	544
665	387
536	146
842	889
295	812
114	314
459	707
255	673
460	950
918	877
740	631
447	406
988	686
332	253
88	698
382	711
185	304
216	586
683	317
963	774
24	453
7	343
526	715
297	762
651	734
254	979
960	765
576	677
877	633
939	477
349	909
456	979
341	932
997	635
142	936
165	314
906	688
550	766
131	993
258	549
440	429
814	123
159	720
871	810
598	667
390	970
158	713
393	359
789	921
108	552
604	663
495	103
910	982
100	552
643	812
847	689
894	192
252	629
447	807
732	187
309	443
426	113
466	730
334	404
958	770
518	116
577	514
700	832
667	666
399	445
944	775
257	148
587	479
127	169
724	753
416	462
831	147
47	211
268	687
950	153
76	696
510	603
354	543
982	730
347	596
669	247
352	910
767	582
40	118
804	137
403	496
271	432
596	258
955	273
476	314
306	176
823	169
136	954
167	782
478	737
301	840
710	879
653	810
302	184
465	147
304	370
105	155
634	263
160	245
773	266
118	119
865	822
781	493
968	832
974	940
886	503
192	799
513	532
638	644
448	744
918	420
107	426
991	575
134	184
601	773
379	636
109	193
260	819
605	470
522	664
313	651
890	497
522	731
721	563
505	977
214	945
609	659
526	654
691	853
355	967
78	713
37	272
81	822
417	794
70	260
150	492
9	596
548	208
96	541
730	756
272	280
268	451
701	721
230	670
590	492
952	115
482	952
924	982
4	847
10	489
601	736
268	672
919	338
363	223
506	202
793	959
169	835
35	202
928	465
33	175
707	375
490	919
402	803
99	414
400	847
128	640
555	685
152	188
128	360
2	982
154	602
838	123
652	291
367	167
530	657
314	616
999	269
657	185
715	463
133	182
565	858
686	417
550	521
179	432
769	788
620	934
732	731
727	292
910	414
228	699
278	175
493	112
38	903
840	909
548	860
993	142
692	134
904	501
341	181
7	908
180	667
578	273
872	748
57	350
117	914
726	145
290	395
579	726
809	434
699	615
995	974
914	827
881	259
541	402
790	101
88	604
40	478
342	422
684	247
900	534
516	706
461	604
782	710
212	133
834	953
963	864
995	386
969	634
456	616
988	453
567	385
75	918
611	728
79	269
832	289
553	219
115	726
767	106
650	935
372	427
367	270
741	607
844	686
657	419
618	578
232	487
507	645
865	410
871	621
324	705
302	747
745	818
621	339
388	588
424	843
283	197
126	412
154	535
136	101
722	357
772	177
852	331
461	830
666	936
336	748
404	593
833	231
673	427
183	567
595	358
293	267
575	362
496	865
44	971
321	947
355	684
125	441
665	210
919	551
628	370
936	534
181	289
562	511
113	109
72	800
688	116
268	852
246	450
930	458
548	766
334	723
424	788
335	269
555	926
90	477
281	321
326	508
253	675
124	932
704	715
260	919
452	202
110	958
394	650
850	297
949	119
388	914
986	380
547	711
222	182
233	237
747	806
503	706
163	435
751	375
987	868
439	126
666	927
67	486
993	795
476	116
973	825
676	801
407	499
331	339
737	483
561	636
624	931
480	933
511	321
859	331
710	181
963	677
593	110
816	693
97	545
119	964
422	654
884	108
730	784
420	830
819	514
475	423
602	824
866	871
772	243
579	183
864	697
901	967
459	589
689	314
173	100
842	471
241	420
193	952
93	370
56	782
83	661
439	269
181	662
340	144
736	934
163	773
425	773
671	295
276	713
420	191
286	630
181	150
654	440
511	984
43	165
434	544
592	308
564	847
380	118
937	223
669	637
739	991
969	632
948	161
835	219
605	889
75	406
235	464
855	720
920	467
850	807
363	982
796	532
967	459
740	316
826	980
588	180
830	848
969	816
549	167
945	713
703	553
518	990
591	787
668	683
32	634
922	136
493	503
692	916
205	366
318	511
887	837
811	582
989	162
862	941
534	440
472	281
299	675
217	141
668	613
206	566
261	762
325	290
295	926
783	868
552	361
247	805
539	541
460	780
35	335
567	161
828	571
18	330
394	485
672	359
740	421
863	123
656	434
724	797
477	449
484	304
518	428
67	973
253	134
774	894
764	366
54	144
373	956
261	230
280	419
713	677
376	906
312	494
557	206
891	755
408	708
572	839
605	314
445	268
709	140
669	158
285	990
259	849
526	820
101	256
216	854
231	582
833	255
773	223
535	546
168	754
39	954
702	725
701	534
167	377
830	775
449	623
268	340
747	633
425	150
208	381
821	869
96	940
665	407
5	640
620	840
141	662
412	145
337	420
383	849
518	796
46	981
698	363
351	301
845	520
187	489
344	164
75	377
315	938
348	250
598	842
446	766
85	977
628	951
800	852
508	205
94	379
45	387
390	688
577	359
117	330
668	271
403	637
159	222
85	149
227	179
539	509
812	623
134	757
442	600
79	550
44	158
599	184
630	646
571	509
273	783
613	424
936	645
299	566
741	325
667	140
796	833
905	679
558	747
995	331
611	244
685	617
943	282
525	898
779	849
739	559
181	478
34	963
259	254
733	720
372	799
724	802
455	568
298	309
529	365
498	522
133	443
285	276
491	681
477	516
949	617
889	498
121	602
53	663
280	289
321	786
26	634
487	104
384	490
599	629
433	505
494	935
648	574
959	745
557	396
444	396
76	961
70	497
234	317
998	335
117	724
542	206
991	178
664	977
704	749
646	223
381	268
712	558
19	944
270	504
372	344
152	713
354	138
580	366
301	726
991	563
846	624
944	551
662	341
716	438
793	885
603	336
304	124
656	892
676	968
890	168
720	338
245	358
361	540
400	807
924	924
840	558
238	934
226	469
641	350
277	143
922	536
856	644
124	771
438	221
162	251
461	449
855	263
112	666
523	380
932	728
348	460
655	601
581	983
60	210
153	725
12	455
567	877
409	263
152	984
355	870
489	922
23	929
537	620
646	807
132	586
698	821
235	311
371	895
732	192
510	962
744	252
908	130
204	801
890	536
326	901
30	414
773	331
465	736
827	521
680	623
611	465
88	341
838	927
622	835
305	487
596	474
330	707
678	650
163	796
28	344
822	751
383	599
148	952
576	928
514	432
178	869
721	224
822	518
465	200
455	700
402	635
629	884
693	364
771	330
666	496
272	241
471	561
826	298
732	890
449	620
24	540
979	121
495	980
418	843
83	668
899	696
450	189
979	294
276	735
761	855
776	903
428	958
205	208
842	595
888	829
566	776
43	478
602	274
154	550
830	781
597	325
50	264
832	277
415	830
741	853
617	352
931	154
2	445
959	774
642	637
330	970
364	830
658	793
940	600
403	828
996	976
482	319
309	702
678	822
189	941
686	925
800	404
708	689
137	629
284	715
799	620
905	404
121	817
54	409
201	944
923	136
955	403
946	177
522	296
461	583
877	696
22	692
83	749
522	690
775	745
274	506
508	101
304	817
983	931
34	395
378	756
463	461
700	865
458	484
30	255
940	848
654	613
231	899
314	851
96	840
691	418
631	884
873	986
870	901
316	309
340	434
876	688
21	630
176	241
667	124
23	308
885	624
362	507
531	547
366	811
473	809
54	270
77	934
855	777
17	948
255	759
319	474
97	184
41	999
405	352
228	372
722	467
258	783
640	225
866	458
661	265
633	575
463	969
816	228
659	813
336	305
742	574
248	683
235	792
786	266
78	320
588	264
542	669
483	730
430	421
345	791
357	711
983	682
931	268
778	614
940	736
956	460
364	944
127	671
310	594
969	393
560	217
6	580
351	124
147	881
328	699
62	226
392	811
707	967
939	282
730	666
96	136
535	261
755	899
602	878
851	653
885	462
607	522
286	997
231	284
250	652
257	155
873	246
22	610
508	493
213	432
976	303
313	283
846	277
594	255
43	556
648	895
394	886
868	284
971	225
11	362
23	257
719	301
998	497
227	909
832	716
739	427
175	868
58	700
485	694
905	275
979	456
68	261
496	296
631	544
843	654
506	459
837	350
743	597
745	953
217	165
797	192
486	773
50	598
999	987
839	971
911	808
691	882
763	848
593	535
314	192
442	986
338	350
846	772
208	105
95	740
910	522
697	712
445	183
905	815
682	787
453	303
651	885
907	331
614	424
719	272
269	152
400	888
72	215
170	162
828	400
220	762
169	978
343	214
236	286
580	399
321	613
978	118
956	146
387	242
960	365
823	649
584	236
710	874
128	342
131	831
478	869
732	326
964	431
747	747
567	436
226	469
898	458
923	850
452	254
892	290
263	771
236	550
650	366
557	445
795	413
402	702
458	317
909	737
319	378
99	376
534	886
223	286
618	129
138	442
15	521
938	148
421	521
763	828
697	212
295	955
891	250
264	655
76	796
431	955
332	883
132	557
999	952
504	267
992	260
849	443
562	611
991	396
125	309
836	235
514	544
99	838
272	466
318	401
678	410
778	958
640	647
870	461
627	161
161	117
877	382
333	130
875	631
868	219
869	284
926	924
268	252
365	325
450	194
968	278
785	847
825	685
932	692
921	639
235	385
948	532
620	761
976	571
900	618
341	430
508	705
522	567
52	239
695	999
291	314
389	255
466	657
666	347
174	960
943	414
525	212
814	679
743	215
458	813
114	837
28	212
72	225
241	485
114	582
202	488
194	531
615	246
512	965
753	469
413	549
269	812
902	801
74	193
175	997
997	205
778	445
705	274
510	447
387	527
627	471
874	397
460	893
780	108
711	414
674	449
341	498
626	669
665	171
927	334
638	149
359	879
468	197
88	446
17	121
145	589
696	523
843	700
594	964
288	423
260	667
385	550
822	537
303	212
147	558
486	298
637	960
104	148
601	965
416	751
107	752
309	233
708	348
547	585
405	334
883	673
329	679
328	630
772	674
288	156
326	690
42	167
283	596
477	807
2	876
603	818
522	733
671	843
635	761
948	265
343	201
206	595
252	813
910	416
283	424
270	317
417	230
610	993
68	665
695	689
453	922
889	533
197	919
862	136
867	588
256	225
572	532
69	621
955	449
324	183
775	153
992	895
494	932
617	574
749	202
346	791
958	356
531	250
591	165
516	506
352	153
876	963
188	273
460	899
130	920
151	202
724	442
179	395
482	273
575	847
354	441
396	754
764	246
743	127
589	437
225	567
950	911
90	380
191	874
872	642
511	385
49	525
432	859
77	656
686	198
544	669
25	551
455	753
955	641
381	362
629	605
356	925
730	979
130	685
482	360
377	357
913	768
493	663
902	338
338	106
338	247
40	856
606	505
68	979
604	628
534	208
194	366
789	257
967	400
60	548
188	920
66	400
156	343
802	752
266	944
570	323
702	939
838	857
943	604
116	428
883	742
475	329
988	524
540	790
717	439
580	346
746	266
128	380
493	923
520	560
417	607
788	400
552	355
420	848
744	172
926	858
568	981
164	695
94	585
239	148
324	234
761	669
182	752
621	343
429	483
54	379
923	235
734	382
358	370
20	978
555	501
442	209
29	881
526	833
282	573
569	193
834	379
221	348
813	214
373	553
104	580
777	717
89	729
375	476
109	836
924	729
725	110
994	128
589	601
816	869
43	826
420	771
161	966
33	599
680	698
962	494
246	978
566	970
763	972
445	627
138	464
388	747
323	164
473	885
216	745
291	608
231	379
15	643
202	659
185	902
922	465
746	618
326	303
357	769
134	282
950	736
49	933
731	643
697	483
988	612
788	936
24	222
476	444
431	766
953	198
699	167
583	726
986	517
669	267
293	764
805	657
185	507
122	702
803	577
683	186
875	857
234	726
850	536
795	618
1000	213
586	336
144	691
628	835
766	631
314	525
454	984
242	730
533	875
419	905
250	505
626	373
887	166
254	979
246	614
452	503
271	575
558	555
110	970
300	422
226	669
287	591
472	506
332	900
470	323
8	343
258	249
383	634
844	707
687	325
747	335
727	100
884	274
364	610
239	679
231	305
35	862
337	311
998	635
912	199
782	923
945	580
125	184
238	612
715	924
334	870
177	226
18	108
868	577
535	371
419	999
756	173
443	961
378	875
767	722
454	292
744	523
356	674
456	202
31	155
662	690
590	1000
579	336
758	204
690	161
974	951
956	346
269	200
325	303
163	102
38	254
93	451
53	301
681	494
533	323
982	351
864	742
503	226
759	876
350	473
69	568
552	309
946	390
816	344
35	857
868	458
784	678
791	507
555	261
930	332
695	529
406	537
635	824
490	643
421	754
6	169
364	653
18	482
187	494
213	881
67	402
504	440
402	547
886	581
664	859
789	366
238	162
180	138
193	527
826	231
314	377
340	366
416	701
280	118
90	681
868	219
417	163
632	841
847	972
750	414
211	840
771	819
424	915
769	801
524	236
319	280
860	342
242	697
47	661
170	661
509	217
999	504
549	440
548	648
980	133
556	200
785	365
643	215
152	274
60	200
288	355
92	807
12	904
808	661
84	755
557	379
336	674
92	657
738	425
524	366
765	829
14	492
894	526
306	230
143	932
75	535
480	972
397	316
938	810
715	279
615	229
896	703
96	279
307	653
932	248
413	327
520	241
718	215
886	671
236	944
448	939
174	475
561	900
149	987
467	296
778	574
2	825
600	720
770	541
255	491
869	947
334	242
65	668
956	116
598	567
192	542
644	604
54	515
355	388
694	591
461	234
962	593
505	723
162	506
931	166
328	312
149	529
624	493
85	721
220	327
865	889
322	593
910	725
702	429
646	227
717	116
448	631
307	769
247	916
80	869
585	579
741	384
30	508
707	875
335	279
423	389
492	196
94	643
181	487
553	978
105	955
847	957
222	664
801	865
365	799
611	307
970	430
714	833
307	830
526	562
392	799
841	242
81	797
360	889
594	103
937	562
27	865
21	407
75	608
723	140
659	371
316	445
667	632
93	138
358	123
242	323
237	981
578	165
10	850
718	134
600	722
288	427
561	705
710	836
863	266
990	796
640	587
849	386
181	233
987	662
349	834
997	190
999	663
109	785
924	750
579	524
929	682
478	470
966	840
93	818
97	626
906	516
697	701
469	385
425	324
414	338
537	668
891	533
838	934
714	384
680	1000
422	673
361	989
891	928
55	917
929	192
269	567
486	363
876	884
108	677
717	929
63	832
986	465
949	133
289	697
913	681
780	419
668	820
310	956
695	861
114	125
696	602
518	989
243	168
507	291
668	894
207	779
145	935
211	298
500	161
303	418
490	831
503	791
959	859
377	850
961	605
652	824
609	693
148	869
724	394
418	631
874	167
584	308
764	239
24	491
337	415
576	802
352	149
119	958
50	710
742	788
78	237
605	238
365	319
791	285
45	168
538	623
664	907
714	113
888	230
58	613
236	267
88	340
76	119
808	191
903	375
894	703
514	117
883	180
981	634
65	814
938	488
631	581
170	803
725	363
461	786
296	817
376	716
272	507
159	282
784	904
42	786
586	424
668	563
665	136
206	275
258	107
6	783
172	485
775	948
308	814
295	421
634	693
842	297
960	344
206	542
48	434
429	485
396	557
994	525
43	650
501	780
409	674
958	466
45	143
479	410
854	718
525	394
531	767
537	500
93	571
206	803
299	709
284	497
77	485
309	372
895	898
365	910
899	650
394	653
907	356
942	303
227	539
633	226
909	672
607	499
587	726
132	480
159	524
519	745
415	585
808	857
300	374
769	462
726	268
104	932
472	739
262	540
134	929
403	154
303	166
433	454
547	517
576	287
865	253
411	910
303	374
410	401
977	605
474	453
474	827
175	707
337	237
663	399
871	326
785	705
975	689
753	288
509	298
49	652
273	420
415	438
817	765
318	246
810	767
816	865
446	727
640	812
165	701
353	318
496	470
70	275
950	491
441	499
746	707
826	114
432	999
503	759
958	224
159	839
536	392
773	198
260	859
206	153
217	221
686	945
45	207
800	936
424	557
739	789
567	278
270	997
592	540
791	705
401	202
855	187
970	193
265	181
918	846
310	622
998	982
20	318
45	646
26	888
771	266
121	308
148	474
175	971
254	261
943	823
817	799
362	644
657	153
468	359
570	176
56	577
279	925
220	920
177	408
648	171
842	572
740	619
225	823
416	806
997	223
440	784
637	380
674	117
592	236
15	258
261	226
92	425
797	576
556	238
627	926
707	171
210	396
665	868
967	198
149	225
373	774
428	950
219	684
879	663
242	388
310	605
204	155
664	508
258	820
18	274
600	169
507	291
406	816
423	966
135	158
203	230
431	761
950	572
146	118
420	916
788	177
689	416
543	312
470	310
923	512
778	533
576	468
456	250
116	520
834	921
705	248
452	587
957	176
571	969
943	527
734	515
143	499
217	793
462	228
53	341
958	703
224	981
283	353
125	277
896	526
902	632
756	637
123	501
918	204
350	881
958	529
875	557
554	557
120	507
870	481
588	318
451	286
299	171
878	502
169	781
127	464
818	769
820	896
710	871
174	162
257	715
304	605
860	821
527	914
413	316
551	362
681	774
740	613
974	419
203	914
691	663
577	367
86	287
709	115
572	308
637	118
789	522
856	353
131	935
437	644
213	890
289	792
382	673
818	667
321	727
316	237
76	452
349	550
7	968
213	951
69	888
430	466
963	660
338	518
378	237
271	501
321	326
609	464
861	792
320	617
917	321
167	981
110	328
864	836
479	583
57	825
872	910
155	578
994	467
552	770
360	612
462	163
943	716
922	855
639	743
276	990
85	960
116	761
745	879
57	339
833	696
391	417
751	431
905	153
693	962
559	402
438	793
413	491
983	998
856	166
456	713
2	635
47	558
627	915
363	988
733	585
808	212
504	369
361	874
766	862
91	874
26	613
438	100
104	490
232	889
310	420
666	996
891	657
908	981
397	847
535	660
857	444
380	254
639	533
125	215
713	715
107	281
31	310
583	242
676	563
573	536
884	228
777	298
195	834
502	534
333	156
85	410
118	844
355	359
441	439
651	923
978	878
261	186
767	774
741	755
835	649
869	469
628	337
957	426
577	872
121	945
129	757
853	282
455	836
944	377
673	625
969	654
164	865
587	678
475	415
31	170
26	625
376	716
493	962
736	765
715	343
587	201
282	276
912	235
32	421
362	182
468	604
574	909
485	329
75	672
512	702
258	137
795	925
830	531
898	508
45	811
678	429
905	427
982	942
115	816
459	426
122	305
164	679
448	492
111	271
747	466
349	599
61	793
863	487
35	123
764	715
535	320
38	531
344	230
825	321
598	102
798	105
368	896
375	974
983	199
826	971
811	963
712	978
466	574
751	954
996	893
966	311
36	538
693	338
29	547
827	358
169	276
814	721
328	273
156	248
446	257
712	350
773	543
527	965
942	579
515	864
101	606
903	724
146	449
554	710
16	473
9	234
58	171
420	640
624	988
571	301
779	212
927	906
306	647
121	524
956	953
914	545
489	356
580	581
629	210
521	799
355	556
250	581
546	483
94	532
814	966
394	872
393	367
412	194
178	327
825	293
53	812
359	172
747	535
208	381
693	980
675	487
662	516
52	466
95	535
101	544
307	298
313	266
499	571
960	561
231	706
14	767
41	149
537	352
194	552
499	208
997	687
699	317
880	126
729	525
531	787
938	628
104	134
755	467
244	303
50	804
586	989
802	590
145	961
500	266
683	692
695	754
346	284
317	513
972	690
544	588
141	967
236	711
304	885
929	617
848	362
823	534
475	989
207	657
120	433
585	957
411	747
71	698
553	574
804	854
101	807
184	597
773	112
828	531
83	690
507	686
246	385
170	641
412	555
201	829
842	403
683	215
833	526
287	168
917	790
624	541
149	145
286	819
825	679
290	496
895	726
329	148
656	651
240	856
338	445
767	808
223	102
85	186
243	281
973	568
347	193
330	374
343	950
130	314
820	859
793	421
622	636
948	936
11	962
425	475
713	227
866	622
819	976
415	653
492	444
888	684
8	600
8	310
367	728
436	871
957	406
641	688
707	680
623	322
756	758
728	743
160	355
118	464
502	586
330	868
708	755
506	707
561	977
515	430
254	874
135	997
495	693
549	445
478	704
277	835
499	683
373	405
226	874
597	418
822	562
909	113
619	257
375	172
697	893
331	980
102	531
687	336
759	622
155	817
103	241
642	266
762	377
526	191
851	643
950	197
538	184
966	723
129	708
186	852
71	369
709	721
77	147
500	657
38	477
842	801
834	357
830	881
473	889
914	586
636	646
133	956
966	958
808	179
573	617
638	724
79	974
99	273
254	978
984	725
83	745
784	448
871	149
310	523
234	978
501	792
857	506
624	530
963	743
424	795
445	960
728	234
822	784
49	662
114	907
269	587
458	764
78	837
601	924
792	417
171	581
175	264
136	770
231	724
247	652
676	806
373	822
200	498
432	144
293	260
991	117
802	330
512	573
975	291
191	400
137	788
452	938
391	975
181	244
313	952
529	954
259	914
967	458
50	700
118	760
894	734
662	224
624	483
644	538
685	377
122	109
915	783
282	233
574	299
283	366
587	849
157	223
780	898
391	112
424	650
390	635
52	174
893	252
447	976
399	137
771	147
588	899
996	823
389	949
93	426
687	120
380	383
498	850
425	164
307	899
665	644
489	400
984	515
842	775
952	279
75	314
624	735
540	828
303	373
34	651
719	615
191	618
761	428
365	650
521	586
358	714
817	948
278	863
896	885
72	288
863	657
653	408
916	725
519	485
109	342
270	925
488	212
164	862
972	772
251	246
783	704
965	237
242	692
703	160
949	183
973	874
22	947
682	665
891	231
675	659
268	292
125	638
247	883
527	846
436	502
853	169
701	506
688	591
76	747
488	831
367	571
40	550
645	859
310	759
818	939
188	450
325	346
36	834
168	266
289	691
853	346
740	220
611	751
512	715
311	718
547	770
323	981
887	648
139	954
682	116
93	302
379	338
790	256
827	525
11	973
174	371
622	909
188	996
704	242
645	101
273	399
511	998
381	586
751	479
416	102
162	569
607	591
63	956
553	238
729	448
131	628
34	764
420	756
46	408
10	903
72	587
93	251
427	451
135	187
794	866
534	164
440	896
480	533
511	528
534	740
92	177
268	605
453	572
308	455
57	392
802	737
504	557
136	413
522	811
968	521
770	592
501	367
800	776
301	575
51	523
235	509
226	918
939	668
672	906
342	808
67	290
798	136
294	686
800	154
829	785
785	888
120	732
772	170
686	757
586	789
936	768
993	474
649	370
976	452
554	183
563	857
643	208
40	580
378	292
278	940
501	423
276	930
775	629
492	890
419	796
428	260
737	963
248	831
622	882
985	110
42	887
462	708
799	655
354	794
744	885
537	342
845	191
916	934
391	875
253	846
207	228
313	513
49	182
618	997
883	597
141	883
801	850
616	733
592	782
275	613
189	956
848	718
13	449
997	140
203	515
694	118
88	563
962	615
151	319
688	834
192	475
341	122
752	619
399	115
467	510
660	917
977	361
585	914
86	336
71	538
148	933
692	369
230	1000
402	201
447	118
873	886
392	614
444	987
554	477
559	415
493	448
949	306
534	269
825	122
374	707
566	627
509	301
318	928
732	404
538	785
889	660
928	972
5	172
799	150
527	410
942	581
82	584
617	718
941	276
543	221
993	122
120	953
376	823
980	790
636	528
276	761
957	391
547	454
439	883
688	316
341	767
956	488
488	870
835	194
231	212
563	303
323	492
103	369
324	173
786	644
404	783
401	894
196	970
238	199
690	296
428	801
17	172
557	202
693	893
961	836
176	620
808	978
635	545
905	343
331	834
928	434
283	523
674	803
3	125
227	871
410	917
210	227
787	268
463	241
116	462
194	139
343	770
826	552
292	262
246	908
253	108
300	646
887	412
623	636
131	700
304	242
639	955
781	721
599	861
240	658
812	775
106	445
252	723
150	586
100	965
597	752
650	854
372	242
918	461
187	386
46	203
644	646
466	303
846	962
601	671
536	355
403	583
29	873
242	474
991	353
502	173
492	507
458	333
77	393
944	824
321	735
998	309
110	668
557	664
13	492
740	207
163	508
619	751
152	354
648	189
945	241
854	557
866	593
341	422
674	318
536	460
747	892
322	502
881	453
868	797
706	519
536	569
429	660
150	654
830	618
250	584
77	698
14	266
18	165
314	469
237	525
693	667
952	541
465	394
575	847
962	955
192	229
378	911
25	152
669	274
17	441
806	613
818	294
901	719
941	526
629	405
53	223
907	144
838	106
537	202
72	815
541	950
784	359
747	567
182	327
851	116
780	904
48	788
939	536
849	804
391	841
99	740
657	938
501	491
391	205
461	506
167	799
602	521
731	444
33	594
205	478
124	819
404	297
954	207
6	235
460	351
394	107
912	740
534	371
76	303
976	713
445	752
817	272
899	103
873	808
801	458
312	575
871	604
520	515
867	209
886	193
215	937
185	238
371	935
485	697
906	358
841	434
677	135
498	638
956	464
851	473
2	878
987	667
121	418
907	430
81	962
365	963
967	426
327	395
328	931
822	564
995	363
97	878
40	983
404	566
114	699
987	207
55	976
835	889
601	234
288	592
884	461
456	916
859	591
333	682
66	204
933	487
302	428
185	813
4	539
978	616
868	289
913	920
672	696
258	114
534	507
255	281
240	299
941	396
321	663
715	338
855	484
628	784
9	473
59	380
998	915
290	485
219	423
916	392
863	560
86	665
764	513
192	693
74	620
589	863
758	750
351	145
999	568
389	356
648	452
451	829
540	144
223	644
528	532
231	470
921	273
562	315
716	556
409	369
311	953
978	963
512	970
435	154
71	426
613	344
683	539
269	668
951	860
914	805
621	697
230	643
710	363
884	328
186	989
579	678
550	145
961	960
318	409
881	176
168	368
825	735
575	432
123	214
100	338
86	799
272	725
773	879
498	676
329	827
784	425
473	856
322	326
89	293
387	293
461	954
362	726
984	550
758	157
904	787
542	934
940	890
810	537
250	730
642	543
737	489
992	877
553	129
103	751
915	188
923	661
389	854
582	828
729	517
854	351
713	376
550	414
147	776
492	824
580	585
118	913
89	738
531	689
550	796
223	847
823	424
963	575
973	693
627	572
953	512
790	990
117	713
675	955
178	856
892	862
577	864
743	963
72	869
931	648
425	958
343	713
892	183
354	837
397	219
907	848
53	249
118	846
765	534
956	105
796	232
402	193
627	840
243	775
940	568
994	739
994	954
742	875
41	681
239	506
150	624
762	358
46	392
309	357
9	545
113	487
123	891
328	721
225	270
198	494
48	659
265	482
837	578
252	427
333	735
868	291
675	250
37	460
505	117
91	458
544	578
371	778
284	149
589	244
615	370
725	526
955	559
381	904
937	348
205	401
195	146
909	455
466	440
917	254
273	122
228	906
515	224
639	739
360	820
561	102
817	381
624	480
986	938
494	943
149	949
640	621
216	201
882	191
290	480
321	533
262	622
896	210
626	167
366	153
173	526
288	151
426	999
627	504
68	735
401	560
953	343
678	415
792	389
535	268
566	315
823	931
460	438
530	801
386	640
504	304
816	601
429	546
188	150
731	971
767	663
320	503
943	156
259	390
587	759
739	240
450	362
308	182
17	934
958	114
34	789
676	400
353	814
796	561
581	372
111	584
80	648
11	547
568	163
14	785
336	810
238	765
984	788
612	210
391	871
431	386
640	372
804	480
688	703
386	845
780	217
636	213
746	856
588	781
437	483
345	469
96	181
991	564
959	279
280	125
784	138
626	585
867	759
724	494
862	285
971	677
805	981
434	873
146	125
189	679
941	451
625	967
264	364
367	270
844	747
211	596
286	926
383	135
749	864
851	616
919	414
799	123
935	828
213	436
246	279
669	212
32	343
702	703
388	426
303	756
352	185
875	710
477	497
847	146
816	457
386	993
142	971
637	740
921	114
453	971
968	716
432	911
258	771
489	893
185	103
780	476
587	965
940	196
557	440
53	972
494	562
13	118
273	383
446	518
631	958
426	195
924	519
610	493
716	944
254	873
663	490
198	386
335	760
368	745
188	293
294	210
881	642
531	317
205	585
986	929
535	192
618	538
405	638
305	641
175	990
557	636
271	744
879	728
335	254
917	666
359	513
506	124
573	740
720	118
589	757
17	359
381	972
393	365
632	793
81	931
9	680
824	432
653	493
613	810
71	385
715	887
653	342
767	888
779	466
217	754
716	648
764	442
448	667
181	764
772	878
169	432
304	621
515	940
132	788
111	437
795	128
774	578
639	349
29	400
899	419
709	632
279	511
458	695
651	370
79	378
370	407
93	809
734	919
783	971
498	496
533	586
581	328
583	688
829	609
467	194
174	952
844	961
508	451
26	986
534	498
86	250
992	432
536	342
131	747
447	378
436	786
267	674
213	831
165	863
620	403
936	818
80	402
833	980
154	409
423	904
334	636
396	376
213	436
712	690
133	785
681	717
187	381
548	395
356	424
43	708
639	661
277	976
856	250
328	421
561	190
115	186
132	156
712	372
7	476
409	718
142	132
516	812
563	484
681	117
440	580
176	674
143	112
472	819
516	384
757	930
851	138
856	509
134	347
907	702
324	915
5	971
203	623
803	441
338	603
899	334
737	158
893	945
664	727
82	259
549	415
920	233
723	117
698	701
861	571
838	308
525	418
344	720
660	466
306	562
782	272
428	200
106	870
34	512
173	797
832	609
534	808
876	377
306	632
118	777
747	674
398	998
522	585
197	942
937	888
768	683
888	613
773	721
440	332
878	244
464	777
182	783
946	308
306	105
497	877
420	797
248	782
279	433
511	364
791	599
245	573
173	731
41	733
207	959
578	831
780	750
42	483
804	699
459	596
366	467
41	775
464	980
257	840
392	837
731	661
314	635
102	737
908	734
313	930
313	946
132	337
419	147
874	444
110	245
181	871
322	387
256	624
169	414
873	490
102	903
648	785
850	933
102	619
654	878
603	465
580	264
880	606
344	352
601	578
548	906
476	944
973	651
251	234
284	582
815	511
225	758
613	921
317	775
521	493
135	839
512	713
866	937
258	413
826	100
872	100
961	838
64	412
559	364
729	396
412	157
256	643
616	924
865	140
42	779
84	582
924	726
721	860
168	350
531	702
698	210
102	411
84	190
674	558
942	605
628	158
221	557
103	788
893	518
612	336
385	156
81	182
650	769
856	986
870	700
418	371
770	713
316	501
510	836
659	795
510	864
635	861
182	682
797	777
703	679
621	248
502	903
944	710
831	799
791	645
938	886
281	768
630	122
938	130
507	365
428	618
942	427
549	217
584	888
790	555
305	332
572	312
3	262
207	411
860	826
998	690
299	478
124	148
570	185
427	663
619	158
386	457
445	928
597	390
965	110
72	621
153	267
551	477
258	359
671	766
778	418
236	231
793	557
350	573
733	389
646	860
876	791
133	215
242	653
331	363
503	850
585	400
795	399
368	512
498	659
192	773
130	194
973	352
176	554
868	637
917	685
199	506
368	721
751	356
619	422
595	985
55	328
662	405
460	852
426	458
607	328
853	247
979	973
20	315
207	718
810	874
607	730
625	620
491	595
934	186
528	431
911	915
136	389
355	552
211	801
193	629
737	793
476	180
21	550
348	481
993	755
282	451
457	128
895	844
244	877
305	280
339	181
705	186
934	155
418	571
993	446
919	207
26	413
409	228
901	931
884	135
150	294
872	356
137	522
122	954
277	653
256	107
269	906
336	894
277	649
527	141
27	278
631	974
792	305
939	964
363	563
387	974
237	881
429	838
275	992
367	850
687	672
756	901
26	719
266	906
268	634
954	324
725	626
534	320
590	332
435	257
574	126
209	326
127	888
52	263
929	352
413	216
529	483
285	232
816	248
185	683
345	403
640	344
2	291
376	325
538	113
370	1000
209	393
597	257
939	928
940	765
16	781
950	285
340	719
491	729
840	602
714	849
716	641
248	117
76	828
210	915
691	447
486	662
411	190
840	237
936	382
510	495
591	295
452	591
162	534
561	825
987	368
838	481
878	243
582	721
573	679
333	167
460	509
102	462
844	582
328	702
160	462
994	568
468	499
528	225
545	110
889	970
399	517
607	676
438	443
89	114
886	477
589	499
329	438
870	357
187	103
20	461
200	379
807	194
248	614
835	696
552	132
668	719
334	428
766	741
672	317
207	292
638	425
569	263
398	809
509	563
114	373
500	327
817	550
609	286
675	490
479	195
71	904
379	240
175	730
272	357
663	966
978	492
390	841
417	678
207	106
70	198
661	306
902	622
993	381
190	635
614	279
16	917
419	555
698	871
54	709
356	685
955	350
975	927
608	834
380	430
293	704
371	303
733	524
717	644
662	814
579	845
978	592
712	975
117	344
371	651
782	370
56	574
775	800
95	571
408	953
536	329
395	981
71	789
135	847
95	561
187	941
53	645
119	111
142	284
610	916
747	588
721	589
898	156
737	606
419	909
678	170
816	159
734	786
948	110
857	579
902	660
167	374
416	525
290	639
826	287
686	610
703	443
547	947
396	745
337	887
190	105
957	229
800	299
660	164
785	646
276	422
30	220
205	910
465	600
576	590
156	646
113	771
74	706
12	605
180	725
436	117
573	688
807	905
588	547
841	156
906	291
530	230
217	264
245	428
375	250
864	485
583	427
434	523
349	602
714	176
165	441
649	296
595	403
629	320
84	492
964	342
262	465
598	654
12	662
965	879
377	834
116	142
486	271
214	439
671	785
124	823
956	533
666	945
390	689
300	708
351	495
781	881
164	804
732	899
866	300
832	402
246	334
84	149
402	778
951	170
337	138
512	545
734	561
675	538
418	642
322	416
859	476
708	848
466	899
299	990
810	291
478	776
635	711
92	754
396	774
185	847
978	384
663	795
635	329
27	396
498	423
657	653
736	914
54	609
379	127
897	400
82	151
129	431
68	761
940	154
106	336
250	126
799	353
571	824
488	937
617	752
828	591
460	519
522	526
766	632
25	350
168	581
241	573
603	753
923	895
771	637
74	178
111	292
642	246
660	265
917	229
902	184
110	379
284	842
561	539
175	201
212	598
40	155
630	203
52	896
313	434
717	612
185	985
319	909
272	327
231	679
800	794
695	663
738	945
466	646
527	540
363	647
300	407
256	229
503	549
178	777
475	551
611	531
11	831
597	113
642	574
76	109
246	848
800	145
969	556
309	687
428	596
895	123
600	318
204	347
282	538
364	345
506	355
648	952
56	975
55	372
725	159
677	170
41	894
516	138
643	797
879	454
956	970
317	809
577	800
56	615
399	440
869	277
951	696
410	465
624	835
44	258
604	602
615	342
938	529
253	907
45	260
395	160
199	622
743	779
374	186
254	519
853	446
643	523
519	691
706	879
645	493
211	687
388	127
759	447
256	888
541	833
994	974
442	377
570	936
563	789
343	569
703	915
77	183
748	360
185	929
851	211
819	589
882	962
590	914
611	283
317	809
555	295
748	687
532	960
184	800
852	769
408	226
127	321
281	680
198	670
541	723
128	794
847	191
435	933
820	858
552	644
999	776
917	427
74	523
231	941
932	775
792	833
832	511
931	976
708	376
56	919
630	182
803	436
177	297
774	793
434	761
551	983
881	437
125	115
700	910
913	720
18	163
501	603
64	246
783	164
167	341
567	266
786	822
521	855
151	315
10	594
999	226
521	694
768	703
903	716
201	768
271	416
347	384
184	239
810	794
19	142
832	517
489	691
678	418
145	620
56	853
170	986
823	533
729	254
249	327
543	245
594	188
973	222
409	810
371	637
176	988
429	387
547	142
275	527
642	326
929	814
117	824
547	646
268	244
131	634
732	283
917	932
565	493
186	144
832	860
71	799
328	907
302	289
209	609
618	109
827	572
632	630
534	292
972	870
249	168
748	877
251	975
466	496
867	665
682	734
285	556
617	869
519	249
685	788
197	387
614	181
926	226
271	804
359	987
717	908
240	309
317	441
278	932
744	355
510	230
911	765
584	500
62	618
949	975
705	261
984	545
737	746
637	651
522	386
825	380
226	623
573	889
551	504
608	790
422	601
486	977
526	892
582	858
677	893
226	377
621	962
811	751
893	869
738	701
500	533
705	208
126	519
681	493
79	589
32	920
879	583
442	833
646	573
406	343
693	535
716	570
474	689
436	933
650	521
146	188
164	621
220	834
27	184
503	226
580	987
208	532
540	772
643	705
352	989
956	744
259	778
669	496
101	302
900	841
782	179
126	739
155	201
499	893
136	677
873	265
693	435
560	875
124	510
805	339
643	267
436	791
536	754
207	632
11	174
764	573
100	750
190	467
519	541
760	937
60	339
133	576
710	785
889	977
85	969
591	647
597	334
1	290
707	364
300	229
297	745
796	364
512	755
162	724
49	212
811	568
367	501
246	613
80	468
907	880
858	965
454	879
978	970
465	506
32	493
891	674
769	417
665	937
605	803
838	153
368	150
281	144
543	741
638	839
1000	992
691	129
4	903
690	652
440	168
76	894
331	989
526	275
920	302
827	537
994	363
278	798
812	919
899	830
749	946
57	378
670	810
311	452
573	570
32	521
440	309
960	155
806	815
471	862
474	753
82	684
201	888
442	987
712	442
189	465
631	206
265	259
795	436
677	691
418	581
907	134
96	755
293	800
745	444
601	432
872	617
814	507
660	603
255	190
312	281
750	591
906	841
56	597
859	677
630	567
560	857
903	915
315	914
9	525
877	323
216	440
946	345
495	711
401	280
688	235
396	933
196	773
566	126
27	332
844	126
122	898
20	690
40	324
308	331
186	189
916	692
557	536
332	407
626	104
713	939
49	787
228	228
463	758
309	774
117	609
52	759
447	394
804	901
205	477
803	237
481	162
331	798
619	898
944	573
63	815
763	886
779	408
246	1000
683	251
423	385
945	854
149	719
187	368
224	412
741	156
248	942
573	653
1000	565
385	470
6	376
689	962
225	157
132	741
150	954
332	698
516	584
249	884
7	804
968	758
623	469
416	529
565	399
532	931
864	264
372	879
127	364
218	662
595	684
261	666
286	329
266	377
395	638
186	308
387	587
692	550
532	452
898	349
776	427
717	860
439	949
563	389
707	430
658	939
320	753
677	568
834	383
490	554
417	991
455	717
677	511
91	591
101	844
619	956
609	106
692	680
291	452
373	421
856	347
683	860
535	510
927	483
712	313
308	517
475	308
853	661
917	528
192	920
58	639
50	508
268	440
832	984
861	509
399	225
13	819
911	575
702	752
196	112
678	268
52	634
659	266
2	783
718	316
573	353
710	740
645	490
667	829
840	143
141	954
517	990
516	782
980	530
965	116
916	283
52	468
283	757
153	793
165	232
579	892
804	451
625	836
130	668
284	378
921	285
412	739
308	495
211	627
470	761
906	869
6	589
564	693
224	840
596	109
335	909
618	991
524	779
981	450
526	501
563	244
302	808
933	285
724	938
413	173
182	354
773	508
243	693
212	445
395	267
256	771
192	888
383	793
993	901
799	974
16	664
840	469
114	558
24	292
744	339
317	276
559	882
660	200
414	673
573	554
852	954
831	392
87	717
946	277
456	991
531	703
323	607
644	292
995	602
537	359
565	626
485	749
876	959
75	936
597	948
612	202
385	596
737	228
741	100
267	500
735	363
299	615
698	759
929	988
680	767
923	617
452	336
621	103
549	473
773	892
30	498
306	567
349	417
948	529
791	258
235	686
819	673
924	891
872	379
13	450
433	851
209	347
641	272
873	658
195	499
792	582
845	585
396	398
425	425
934	939
663	556
34	930
199	513
701	645
147	894
863	542
313	172
798	288
756	150
960	748
395	166
838	704
248	478
603	425
508	985
261	249
268	586
514	209
745	511
794	696
48	363
710	609
562	760
962	241
353	130
970	815
338	574
930	206
630	565
524	650
475	802
106	332
319	410
17	885
37	801
163	814
677	410
398	326
288	140
965	158
498	465
145	393
645	928
333	543
116	840
83	779
513	556
930	305
768	281
111	424
811	666
303	202
347	584
819	167
399	451
524	944
141	105
228	615
772	731
128	375
409	358
84	451
924	278
993	123
688	759
45	494
685	791
555	249
14	720
313	334
862	707
524	936
685	899
282	368
195	670
82	703
397	399
943	266
588	862
867	498
217	279
310	537
869	808
505	714
582	677
717	925
750	503
193	360
581	344
947	628
776	635
801	213
673	307
774	525
820	668
571	583
667	954
297	614
478	863
237	244
783	126
587	285
185	719
195	542
322	999
312	860
504	693
447	254
248	133
785	692
791	781
493	307
334	700
348	534
752	544
783	597
989	1000
920	327
695	768
315	854
638	311
610	268
704	228
951	414
461	610
275	403
615	438
810	362
31	326
933	602
262	826
65	656
557	515
523	168
150	994
912	207
980	319
315	766
853	505
789	751
66	575
320	814
283	625
592	531
982	477
935	509
591	534
387	878
486	288
39	626
1	598
376	238
246	410
280	324
463	565
923	169
58	586
860	188
949	103
741	883
261	968
263	446
165	899
340	100
98	417
797	953
676	221
938	958
22	884
736	968
575	963
72	559
788	741
774	791
722	190
209	571
208	971
809	575
557	944
143	784
342	943
851	662
982	574
288	797
617	281
947	279
939	566
264	917
305	112
358	578
156	226
143	850
591	353
45	359
153	167
500	367
789	413
551	889
758	138
576	542
716	684
328	207
65	707
214	572
951	162
819	284
592	424
386	650
864	180
7	638
261	334
458	987
665	399
275	421
991	543
120	379
901	982
690	172
4	921
261	398
174	718
672	946
267	870
63	322
84	483
975	302
37	689
266	476
267	216
759	314
736	983
319	729
872	465
657	573
832	587
119	974
820	306
805	903
853	109
764	367
204	259
624	146
281	709
265	343
572	674
479	119
475	664
281	190
115	572
321	459
322	867
332	388
369	431
220	614
568	556
517	746
736	297
354	324
663	341
42	765
305	307
521	622
73	362
420	409
383	226
223	888
146	720
313	341
87	875
960	563
99	349
619	823
60	928
978	856
118	187
952	190
13	938
372	710
622	912
304	803
630	360
149	218
551	316
859	134
366	793
364	912
839	327
530	875
846	413
795	223
730	132
11	243
372	350
884	393
195	314
582	367
203	656
731	986
755	273
538	414
473	793
514	216
328	860
582	720
974	234
157	122
450	333
570	664
577	663
981	940
424	440
477	508
512	909
885	828
186	214
952	532
994	795
656	307
463	737
566	764
160	295
682	198
797	550
162	380
472	452
309	692
122	343
419	275
868	312
956	232
740	980
296	576
776	938
324	349
50	325
437	148
48	896
497	934
396	239
236	405
771	972
502	224
633	287
238	256
691	190
963	358
579	725
622	829
232	197
832	471
445	860
880	147
968	343
103	203
555	193
89	759
381	831
680	792
902	642
582	887
189	346
91	483
206	442
591	469
78	974
155	406
490	323
849	470
495	102
891	841
169	718
529	818
678	207
606	592
775	198
480	427
729	516
946	510
767	483
165	147
751	927
649	935
466	604
477	738
857	341
342	611
374	124
612	330
808	179
769	787
663	177
991	228
131	727
398	668
857	100
824	763
239	869
220	538
116	686
910	728
865	301
91	299
819	651
549	762
963	820
988	268
869	811
291	359
845	408
115	617
199	947
963	432
373	607
919	235
759	281
350	779
180	440
77	173
768	684
162	177
110	965
613	531
112	221
577	565
537	768
639	449
673	506
362	996
341	571
69	911
524	509
396	787
88	155
125	799
171	201
748	842
109	669
547	854
730	972
679	712
236	882
99	115
898	467
56	931
596	682
374	309
641	217
906	394
333	107
723	532
822	349
214	948
162	602
808	528
940	893
848	744
262	297
163	894
846	734
200	139
129	628
151	566
589	862
558	848
244	355
290	520
389	438
644	543
491	611
826	282
571	188
410	270
47	825
753	325
922	966
196	147
193	479
164	697
838	894
283	144
424	665
961	648
14	936
443	279
131	264
464	371
584	299
56	223
430	448
542	762
227	394
525	922
708	549
798	929
347	665
653	285
558	400
701	932
708	305
535	721
863	591
186	378
478	376
294	796
890	334
660	483
201	919
77	291
812	348
897	373
458	638
474	623
236	509
954	214
570	861
284	650
780	571
687	683
728	757
424	718
884	782
375	409
79	990
669	371
273	630
636	602
647	713
391	995
413	578
909	434
23	219
863	638
13	529
660	562
775	790
871	163
145	845
801	693
777	943
92	580
147	671
165	347
779	205
885	569
955	837
515	203
457	707
781	884
169	131
419	646
167	837
438	428
516	148
945	266
34	561
977	541
553	344
223	806
810	298
143	157
206	707
297	297
151	722
925	905
693	166
486	250
570	111
943	447
897	464
239	922
600	143
697	702
125	169
507	339
676	649
375	509
774	354
249	496
750	452
315	685
478	869
884	463
237	648
964	544
252	941
908	135
972	168
749	379
18	272
514	649
217	890
792	622
69	699
825	858
535	356
818	436
696	924
170	327
324	558
602	545
301	564
828	814
388	640
463	758
430	548
83	801
853	642
12	444
151	259
61	835
788	871
271	299
636	782
657	413
22	119
949	911
47	578
179	702
135	293
535	334
125	582
866	104
556	789
380	610
825	560
11	532
165	401
305	629
87	801
231	627
701	310
198	826
190	452
761	537
120	968
446	281
47	591
12	412
907	587
815	289
430	513
158	345
656	533
979	280
504	867
505	238
367	161
653	358
210	691
50	683
239	859
565	747
849	562
79	911
13	883
383	194
210	680
771	691
176	434
954	589
730	620
697	749
353	404
658	756
635	728
169	617
702	931
140	370
297	387
172	509
791	238
931	921
230	249
848	201
571	139
93	375
372	182
661	792
244	146
447	443
103	710
911	462
276	778
699	121
602	317
305	644
224	520
326	365
625	114
131	349
596	243
793	271
86	533
422	784
495	507
785	207
618	793
96	595
342	187
255	154
285	534
948	809
953	845
71	714
584	929
449	894
43	779
943	270
918	459
109	872
257	631
163	535
903	719
13	912
284	866
168	139
61	367
871	230
914	147
86	794
243	408
247	273
64	589
32	607
771	873
136	301
631	110
49	271
297	353
226	172
516	541
860	695
570	766
996	947
836	612
801	413
512	148
327	734
161	778
221	589
821	689
132	439
819	752
207	316
83	181
185	341
379	542
475	117
562	830
950	844
48	727
387	600
380	742
262	164
346	519
568	242
578	277
871	267
636	779
413	614
149	168
108	943
210	419
972	363
157	859
144	669
674	124
193	389
321	652
116	343
156	648
755	186
34	189
392	270
906	648
23	499
497	928
399	571
828	498
791	414
286	328
842	602
708	580
459	474
441	671
754	676
47	126
793	779
536	425
532	457
276	392
306	823
141	582
337	978
979	379
977	918
230	130
613	453
653	535
374	907
504	869
943	650
106	384
487	362
762	561
224	324
620	261
11	210
154	242
479	799
547	921
558	759
868	622
269	645
963	950
522	407
311	472
868	527
126	259
662	617
52	194
33	121
187	448
765	639
279	802
795	834
962	468
835	574
262	642
231	159
89	557
210	185
339	910
690	938
98	587
461	339
788	124
271	637
38	769
171	452
835	444
442	218
301	359
893	636
406	886
920	217
541	691
875	543
810	540
237	325
732	712
1000	369
534	962
615	500
132	966
730	274
618	171
662	434
205	321
761	461
892	366
384	241
547	550
506	858
453	778
407	205
828	228
750	983
688	940
116	702
911	750
774	310
639	700
81	160
905	304
356	233
280	117
67	492
104	763
14	403
134	972
961	842
727	270
843	225
814	699
397	528
652	621
817	604
554	749
362	853
421	319
221	229
328	722
71	847
276	624
225	900
676	383
179	568
806	780
449	948
332	750
909	270
285	710
254	627
909	145
865	194
355	207
653	272
609	195
916	361
507	561
760	291
310	405
686	994
911	589
76	100
139	404
249	113
97	223
386	887
345	573
728	706
370	199
408	515
977	564
201	566
90	813
260	493
496	612
571	347
521	557
607	521
201	467
149	699
150	649
691	652
532	830
701	352
633	323
754	324
985	887
938	154
85	654
963	826
145	283
460	134
415	394
909	874
1000	165
621	249
44	238
759	308
321	906
17	534
739	802
431	847
904	818
805	264
136	265
262	394
229	246
956	731
504	641
960	508
405	601
939	257
429	714
820	957
5	349
718	219
722	253
128	887
544	370
462	804
764	317
232	196
813	571
547	860
583	122
370	782
562	907
386	633
83	443
774	491
447	781
320	530
851	793
68	497
311	622
407	828
895	455
433	477
422	132
504	106
576	585
693	301
913	933
280	826
219	865
916	722
671	392
161	565
324	710
242	830
947	991
138	405
588	366
291	895
258	536
754	188
671	906
202	844
752	619
919	204
811	143
288	984
78	991
607	537
961	217
58	985
895	346
874	133
172	741
425	417
229	667
673	255
516	739
821	435
147	292
502	673
60	957
381	373
768	448
228	831
33	237
96	419
299	504
610	739
778	347
425	728
417	259
787	322
649	729
934	925
496	410
862	921
195	793
371	961
581	113
875	388
439	138
666	212
381	829
471	184
400	974
973	784
783	660
858	440
83	323
29	314
344	533
548	984
484	886
20	395
160	164
574	895
284	127
520	702
747	761
290	176
708	783
2	545
777	749
523	895
792	880
456	444
435	780
798	909
5	684
73	469
153	613
360	518
670	773
305	203
182	653
349	348
148	224
889	673
633	383
743	640
124	413
765	677
768	866
649	325
262	978
847	723
639	587
917	684
987	659
586	647
100	610
936	714
131	546
834	415
677	614
449	995
459	619
481	124
246	796
935	575
432	550
710	856
135	646
1	627
985	567
787	710
408	879
27	703
147	862
382	293
339	103
91	307
599	716
129	926
125	362
287	213
581	348
627	987
616	992
6	250
369	504
466	747
232	616
522	691
647	103
854	500
692	888
336	929
245	743
773	800
531	442
93	280
691	248
403	161
667	144
846	513
151	882
224	550
910	806
28	891
500	724
357	927
287	554
916	919
705	249
569	508
554	788
272	523
363	164
737	458
132	955
114	503
874	776
623	389
926	349
29	622
245	118
170	998
843	220
801	373
616	949
125	792
992	131
682	772
775	373
175	684
615	815
650	462
284	719
67	448
920	780
391	872
29	559
875	195
763	596
949	740
787	438
802	201
313	967
121	113
455	198
185	816
701	942
697	336
249	951
335	901
427	494
402	581
626	551
463	275
210	438
874	399
562	828
519	776
502	710
12	798
581	997
530	733
565	474
15	389
92	491
183	597
918	969
602	466
661	166
543	171
964	352
910	861
17	967
849	916
391	974
823	206
286	413
422	341
903	645
854	245
639	697
498	643
641	979
997	208
35	103
109	997
126	162
782	560
966	979
687	737
344	332
912	209
432	820
350	393
436	932
681	282
221	622
532	526
288	533
763	347
534	212
623	664
108	614
11	612
165	310
996	455
471	698
818	670
612	783
420	243
755	709
295	858
561	387
561	217
34	343
613	817
568	371
900	893
91	723
343	372
280	434
99	751
546	681
641	181
885	771
692	755
436	289
600	345
479	571
891	289
968	588
962	212
323	632
70	683
512	991
312	800
977	271
290	272
565	454
841	307
701	297
788	817
110	245
419	199
82	789
59	401
949	711
483	503
963	845
918	108
474	347
895	768
281	747
739	485
586	303
185	346
153	865
549	881
145	557
423	446
302	576
8	465
927	348
539	137
360	936
303	774
265	365
364	534
474	375
803	322
81	888
861	177
529	210
576	692
717	705
614	782
208	262
54	573
652	489
95	529
732	961
571	326
420	725
470	247
832	137
317	190
384	270
962	497
371	677
707	493
966	343
853	594
334	827
849	277
647	831
377	908
74	416
821	834
404	982
891	937
388	901
784	852
238	704
46	462
827	433
809	411
958	866
308	521
616	743
744	380
118	373
541	742
409	460
901	219
247	360
124	339
528	373
980	309
289	743
862	206
414	104
137	521
958	760
625	520
655	730
738	364
971	587
662	868
747	522
334	580
516	470
948	202
505	253
341	926
448	545
683	645
511	741
882	831
566	572
259	741
994	344
719	440
947	584
48	612
956	967
688	753
676	169
45	374
189	665
756	871
260	319
419	352
730	186
617	129
723	470
783	568
526	552
211	395
59	939
135	779
945	595
568	713
186	753
671	954
462	909
396	863
517	337
402	677
626	773
408	142
36	490
558	383
768	804
23	191
677	730
231	352
561	902
657	199
371	199
94	781
172	285
360	180
904	872
542	627
179	505
235	471
335	100
683	427
894	478
562	178
873	195
681	978
95	802
30	966
269	181
160	968
315	420
924	732
389	770
24	601
871	522
622	372
158	385
725	365
94	754
753	973
119	516
485	779
314	189
43	850
699	640
648	884
406	717
641	883
45	674
50	587
965	782
45	351
1000	554
414	274
766	535
229	640
620	698
826	440
895	875
11	843
425	730
829	294
103	111
253	361
935	974
931	347
636	806
140	707
449	640
995	767
257	156
803	819
478	728
289	184
749	318
753	880
888	587
776	755
998	183
532	897
924	895
141	398
733	596
923	280
576	692
784	930
166	329
677	637
777	908
720	945
541	898
374	111
189	246
402	852
373	809
675	495
759	196
801	733
535	468
437	680
601	277
98	557
340	323
346	719
643	497
718	173
572	227
911	447
320	602
551	774
219	578
360	104
488	919
335	749
797	972
597	781
795	300
48	334
830	214
692	611
627	512
24	594
420	832
43	559
983	938
858	977
122	154
985	930
758	158
301	226
105	845
956	749
376	919
754	386
894	621
641	351
177	304
314	275
314	742
39	427
421	512
721	488
550	380
627	1000
543	156
161	568
220	377
917	204
763	243
995	183
621	320
560	106
957	263
860	969
597	329
714	106
351	723
231	548
924	378
432	627
28	572
895	453
114	743
812	602
677	959
419	256
288	718
768	581
11	854
817	929
526	287
244	660
612	278
256	993
817	485
337	957
994	674
468	846
744	994
447	670
969	324
411	621
364	571
106	286
189	934
634	916
325	395
574	614
288	863
800	590
825	170
996	479
964	241
448	543
50	754
947	667
183	753
473	644
653	298
256	832
358	673
148	865
122	564
509	194
534	877
498	546
498	427
753	266
921	225
297	582
613	712
338	772
479	563
556	897
923	459
246	648
771	468
218	688
930	249
113	992
418	109
289	279
789	238
965	616
857	198
172	415
349	711
914	772
468	330
729	992
451	312
98	449
728	131
991	575
308	744
640	835
243	868
46	105
687	871
340	675
864	543
944	653
50	451
982	358
967	793
561	755
658	973
547	490
913	408
82	947
89	435
372	564
338	620
543	716
158	458
431	398
359	706
176	538
909	306
347	244
794	185
358	823
297	463
183	364
285	635
694	360
379	933
274	137
934	366
96	961
423	335
303	188
307	716
770	796
52	645
203	763
846	212
938	777
653	956
723	261
566	490
411	483
606	383
478	822
11	614
451	199
435	611
814	289
652	666
319	449
256	241
469	242
683	274
984	671
747	655
868	860
619	970
486	463
784	714
836	814
658	721
645	626
59	754
196	106
841	669
759	557
563	430
938	841
20	692
556	508
547	394
361	646
752	720
205	298
271	639
574	130
311	527
788	565
811	731
243	354
479	743
311	638
616	564
772	273
79	219
285	858
17	295
629	226
398	403
31	513
340	349
444	860
65	496
594	340
298	672
473	733
539	995
131	461
574	589
604	413
562	794
56	706
598	965
887	652
143	944
858	682
115	418
101	801
702	585
554	111
223	889
182	703
771	588
628	612
102	645
544	821
84	692
226	866
654	609
709	667
413	974
397	875
715	550
955	284
26	233
59	926
418	975
530	324
189	419
651	716
881	712
286	670
172	863
662	477
490	980
228	850
541	817
528	955
261	863
863	793
31	952
125	186
469	498
863	482
284	610
20	432
779	471
841	491
877	237
924	794
866	532
680	674
200	959
129	235
270	562
764	246
935	763
53	389
750	977
380	849
712	214
243	324
2	402
983	931
877	317
123	746
616	160
461	606
168	577
367	109
685	793
998	140
374	831
998	436
535	245
543	407
14	466
351	165
343	458
557	641
779	361
122	843
896	493
575	169
88	200
571	136
728	198
875	674
65	719
936	259
665	662
650	265
624	133
971	955
462	188
89	381
725	991
790	175
610	331
552	272
311	686
966	255
862	536
935	192
645	340
886	964
816	228
34	186
539	222
610	580
404	852
610	809
942	963
737	177
885	507
132	288
62	286
237	983
238	234
221	643
495	600
305	406
935	848
23	520
480	195
58	669
417	816
191	803
484	221
804	629
209	322
895	529
84	563
509	287
181	476
43	861
539	404
224	488
165	855
80	633
99	979
280	770
589	134
643	664
384	270
736	252
314	547
307	542
847	652
403	619
495	543
41	328
853	747
35	918
975	805
810	526
38	447
59	723
304	854
835	481
162	279
229	742
954	972
619	167
891	587
225	327
118	405
332	521
424	434
530	933
165	634
118	225
504	552
559	933
180	227
488	927
938	202
795	891
860	644
264	872
164	954
726	535
989	553
829	976
737	926
312	877
278	543
895	678
618	872
891	781
431	213
316	381
681	468
633	938
545	772
753	867
246	830
569	223
737	824
640	260
61	754
103	246
400	520
560	993
371	235
478	157
895	130
694	298
883	660
964	561
993	931
213	934
563	543
204	320
805	616
789	754
55	534
840	247
353	855
885	265
179	315
497	712
694	298
681	227
578	535
112	899
482	241
729	151
853	844
274	828
20	954
432	720
678	665
956	203
843	437
692	644
144	332
63	865
673	864
441	168
888	593
204	932
11	716
456	680
931	599
88	126
493	449
890	120
826	798
730	402
277	395
679	451
181	559
990	881
372	444
754	663
591	175
794	104
760	867
109	641
257	433
909	107
102	759
202	508
81	141
723	617
680	897
888	299
270	309
82	100
169	498
12	890
547	429
21	635
284	231
326	493
704	271
82	563
744	351
44	961
758	523
672	717
920	398
997	632
712	306
892	717
12	125
623	438
73	640
22	111
302	224
838	267
926	361
571	738
803	801
420	982
830	993
56	209
257	146
445	211
238	904
924	743
201	325
158	249
288	191
308	268
982	767
514	653
822	829
596	795
899	861
305	730
226	903
335	487
825	178
811	206
631	287
116	477
880	512
655	674
112	558
630	792
582	951
272	614
384	988
90	874
159	585
252	881
355	885
855	800
499	302
435	682
690	666
898	426
674	698
782	875
731	435
538	160
323	829
867	947
951	277
251	306
414	314
155	368
122	428
991	891
722	446
181	220
411	853
255	649
758	708
94	707
607	505
844	936
540	520
142	536
309	901
220	504
853	708
813	645
566	589
54	813
769	813
563	196
477	238
239	141
997	636
672	777
238	890
392	860
11	522
979	339
275	364
157	577
350	873
412	847
743	590
319	358
643	307
249	229
556	400
173	541
792	936
856	696
730	551
634	100
876	651
177	637
320	866
954	184
112	233
8	329
592	769
117	316
730	621
985	824
203	841
778	923
129	924
901	626
695	421
401	426
110	677
807	481
488	506
643	971
383	890
704	688
832	315
317	136
938	306
56	850
844	294
784	814
670	202
954	749
706	205
473	793
109	974
563	915
231	948
942	182
668	506
875	968
946	271
731	263
308	755
968	252
789	144
613	271
601	881
392	706
484	269
145	330
996	578
607	236
649	971
921	173
411	263
702	994
787	364
493	110
798	545
212	280
40	790
549	944
402	966
488	256
110	468
485	481
642	364
842	437
159	107
512	306
118	175
279	409
69	198
713	329
568	885
167	491
581	822
900	211
176	359
615	458
681	189
561	857
84	711
546	688
913	771
730	678
79	869
306	698
397	975
717	205
333	396
639	532
191	904
816	182
145	116
731	209
315	506
933	349
960	466
634	139
336	251
460	428
55	439
982	415
457	437
860	562
205	816
7	526
160	108
97	556
322	308
106	244
439	342
923	364
65	272
362	143
180	719
554	637
931	218
56	956
881	547
510	973
934	837
490	431
708	877
692	501
368	165
421	303
665	843
713	787
356	421
287	307
136	624
534	103
874	887
74	891
307	929
978	634
904	773
627	997
779	964
912	884
27	185
455	783
116	994
594	195
645	353
371	531
686	800
7	835
507	440
720	602
419	976
871	218
611	421
804	722
924	552
726	115
583	945
712	729
889	911
912	456
330	381
179	109
818	330
62	405
999	566
347	101
17	690
635	192
521	173
849	268
222	528
685	784
539	773
642	791
759	865
365	432
204	640
473	303
553	865
882	911
549	207
423	190
53	767
127	883
42	393
606	390
415	593
392	289
336	193
875	941
989	548
32	152
708	890
616	954
387	974
734	630
256	244
869	234
980	630
292	296
346	131
803	154
595	255
129	144
433	796
371	867
853	993
725	327
669	152
936	483
35	155
703	739
372	293
710	507
295	284
325	952
463	843
666	404
796	366
292	857
470	392
696	424
910	533
330	492
121	831
537	845
598	304
144	860
569	744
215	933
581	527
258	372
864	186
463	454
799	965
621	105
96	630
244	505
436	385
61	641
490	262
28	917
285	643
439	486
410	286
260	270
570	848
788	548
966	962
431	798
784	556
159	197
553	186
681	559
921	141
46	576
389	687
644	780
945	551
559	759
262	925
558	803
236	911
48	571
992	786
104	569
759	119
784	528
451	703
497	447
293	397
942	349
517	546
954	746
647	165
340	191
653	218
449	884
529	834
41	384
368	622
945	951
806	335
866	936
219	223
302	640
435	327
897	474
509	201
120	738
589	717
370	887
253	812
16	845
67	107
309	374
182	775
224	131
854	509
634	777
433	914
39	964
639	869
766	423
91	163
987	823
854	943
267	790
651	628
118	368
854	495
237	411
705	273
315	645
544	718
600	842
293	488
428	247
693	973
562	239
697	738
192	291
434	498
605	352
678	252
932	542
475	866
791	861
374	744
132	946
539	637
181	865
404	603
637	969
878	151
910	498
953	527
703	613
762	504
220	435
937	108
713	434
54	119
666	845
97	922
884	703
832	907
278	928
126	855
670	387
79	633
7	743
923	391
87	752
932	498
965	456
312	584
745	220
464	690
375	751
676	614
778	654
596	745
774	591
374	765
536	877
715	122
369	974
933	270
791	978
649	826
763	685
357	651
799	395
273	325
898	113
598	243
882	235
128	305
346	436
629	967
637	628
368	590
636	474
95	770
816	666
773	670
994	809
374	510
749	382
265	396
652	664
425	291
554	192
282	109
743	661
260	149
888	897
587	322
882	121
636	422
275	918
634	980
642	962
566	315
323	258
498	121
126	845
938	991
801	978
617	588
759	567
547	867
981	657
40	466
148	602
504	627
185	614
470	972
793	289
591	863
693	517
280	301
475	560
349	963
500	277
795	891
35	509
22	273
823	320
73	848
81	638
366	326
326	163
675	639
59	325
437	470
3	599
44	826
744	864
30	985
937	657
467	329
809	956
609	552
203	728
257	822
301	1000
351	917
533	908
581	223
672	547
725	702
311	840
892	459
481	986
31	461
317	844
131	304
375	118
114	502
708	990
840	258
504	155
904	830
461	672
195	908
888	740
612	783
434	180
190	907
973	303
725	101
872	537
682	819
801	324
315	192
333	510
895	189
471	309
831	947
361	452
882	579
280	907
344	915
746	308
515	319
343	710
629	477
506	278
869	107
767	157
102	231
850	469
61	503
281	375
476	541
465	989
984	284
577	803
186	154
619	902
702	518
965	265
328	707
522	897
887	962
47	340
522	194
55	479
42	787
671	393
607	634
802	311
602	858
6	657
147	393
481	942
162	536
987	499
655	145
133	235
20	195
650	244
223	621
636	718
103	680
897	342
507	450
944	273
604	207
589	522
227	675
201	210
776	627
712	402
876	554
337	400
234	773
450	189
23	890
280	689
711	285
12	789
83	361
799	695
495	325
837	331
339	843
152	454
942	162
896	576
322	674
356	757
446	137
877	952
142	795
943	210
848	993
327	653
162	794
716	796
511	864
939	561
41	540
955	512
215	111
26	857
472	901
484	100
832	420
310	349
337	762
814	758
399	940
781	584
537	604
879	241
25	719
982	776
370	358
552	607
304	374
65	628
279	603
544	752
347	312
993	439
707	825
139	114
736	598
591	582
877	480
264	541
509	558
744	588
797	681
531	623
358	485
678	430
192	613
966	522
257	238
111	285
403	558
187	291
605	195
427	913
534	404
809	344
248	762
869	984
392	165
67	424
938	952
594	137
736	849
45	708
955	836
891	324
314	645
9	921
212	172
724	142
597	693
311	145
223	326
551	790
335	295
665	412
72	169
235	162
477	819
651	356
723	688
803	532
487	741
310	528
102	425
644	359
595	823
332	935
276	861
737	575
350	422
375	745
556	392
165	120
809	580
864	977
793	260
758	679
941	260
205	674
735	590
848	841
304	368
473	903
949	379
944	328
355	467
955	677
159	507
446	659
981	250
73	107
216	899
506	307
806	601
93	917
65	580
251	673
898	217
770	801
100	301
48	571
756	214
707	828
21	205
37	540
121	520
468	959
969	924
304	346
1000	181
153	736
752	924
137	185
76	973
464	663
921	862
266	640
644	364
361	252
162	157
104	974
811	999
446	223
960	674
993	547
429	433
831	621
98	153
194	491
288	770
83	290
571	495
143	292
769	586
718	401
600	276
63	569
281	419
747	528
354	130
80	593
961	447
762	790
480	853
458	509
652	212
614	806
687	775
462	685
85	333
279	159
925	422
458	304
93	243
715	900
498	952
657	519
675	713
828	121
199	539
299	581
677	476
772	971
933	735
303	417
274	814
192	590
340	397
688	325
646	327
832	237
196	857
603	353
642	957
720	362
889	276
872	901
596	104
768	620
396	474
228	482
339	591
5	760
773	523
604	253
473	299
456	922
292	759
157	389
234	244
121	702
335	128
86	678
464	891
888	724
973	328
79	544
891	195
753	794
823	147
466	835
390	181
802	653
412	969
631	785
837	570
354	989
463	820
567	362
141	440
291	438
977	800
365	202
33	199
955	308
494	877
575	565
985	937
158	749
384	492
697	132
997	541
534	304
322	199
559	991
768	817
418	966
968	669
446	577
210	804
587	764
91	661
182	615
53	631
209	456
701	260
367	697
342	787
941	944
29	150
391	610
712	588
155	236
98	411
951	558
563	128
921	759
996	355
606	308
54	492
548	687
956	665
156	386
331	311
145	554
301	174
619	251
288	115
360	353
277	438
673	630
737	543
231	361
673	930
352	554
400	433
795	552
578	202
413	194
162	471
811	302
783	787
146	659
446	378
637	585
270	132
994	152
562	667
668	279
610	708
597	379
179	807
304	599
352	982
631	758
916	590
601	775
870	203
600	123
694	719
571	203
398	217
677	628
845	531
766	367
426	371
149	200
606	325
95	953
634	670
806	289
166	897
645	883
895	970
374	820
285	183
410	540
520	285
581	146
315	702
544	968
313	364
54	236
374	788
52	985
52	672
424	725
853	230
814	627
671	354
955	860
618	730
666	385
838	394
302	878
870	291
682	832
432	430
282	407
239	698
788	322
913	801
181	189
929	927
193	779
721	267
128	457
41	848
64	411
423	593
826	543
903	338
986	248
43	999
228	496
557	685
526	189
289	361
439	135
358	423
57	125
542	351
145	728
295	171
284	271
859	610
631	108
277	325
916	347
768	875
800	576
510	203
641	874
755	586
102	545
712	565
749	136
979	969
196	695
483	839
837	414
384	455
590	217
626	400
14	316
842	404
697	493
774	179
65	407
154	329
827	733
298	225
992	103
544	192
242	653
265	593
51	514
237	562
211	306
82	392
583	258
702	572
225	743
346	719
136	283
268	335
637	631
945	810
91	226
594	403
949	888
138	117
818	554
381	543
133	889
945	632
590	417
88	716
390	442
480	573
268	386
673	552
51	638
231	500
98	360
946	379
472	473
684	492
264	883
816	279
134	219
692	234
656	298
228	698
225	259
136	966
225	157
414	866
364	781
577	233
880	320
495	614
352	435
226	911
240	461
313	401
232	872
840	154
76	696
671	987
149	559
131	339
861	650
654	446
590	205
142	192
4	489
462	130
854	490
647	993
800	586
888	551
212	180
932	462
877	656
644	356
308	334
93	619
795	828
609	745
267	442
283	388
694	627
459	138
109	672
74	194
171	252
108	969
247	760
946	592
903	817
62	804
371	817
801	653
952	892
467	417
269	275
908	109
102	208
488	935
176	969
139	221
138	251
551	262
278	673
358	463
138	136
902	270
621	266
841	553
146	954
828	262
357	941
216	292
90	320
223	578
585	360
645	435
389	435
922	669
617	288
441	798
863	736
649	415
22	817
43	538
669	901
486	212
529	317
59	409
858	401
333	568
121	784
410	762
963	390
806	349
715	985
31	882
470	983
930	460
245	831
843	534
60	832
529	693
66	533
561	173
141	326
557	513
563	992
692	968
129	424
87	469
695	673
882	501
985	872
674	457
831	279
370	734
701	958
387	347
725	585
122	853
372	224
1	154
913	420
286	765
782	188
438	755
659	850
613	414
63	839
926	273
394	996
396	100
722	476
166	402
193	359
402	910
624	518
92	690
651	455
173	389
508	196
316	696
585	709
660	217
429	823
315	262
772	203
295	544
881	772
964	746
695	846
315	224
787	307
912	932
406	912
393	394
439	186
716	168
700	494
922	558
113	628
938	484
501	380
758	937
695	499
843	985
59	610
635	177
365	601
412	481
591	735
265	645
648	227
634	259
310	755
667	583
286	960
262	628
642	808
616	282
128	832
820	970
203	527
708	765
202	404
523	283
348	235
997	935
850	871
861	187
28	480
389	498
910	589
552	370
750	572
364	329
198	764
447	523
865	391
750	802
111	966
753	364
956	445
442	823
548	894
303	796
852	179
841	965
776	351
869	329
407	911
289	179
410	951
752	319
418	361
355	829
582	518
571	626
842	708
52	229
629	765
165	351
130	301
790	372
609	676
739	170
679	126
587	158
942	967
680	150
884	983
87	439
605	275
973	649
167	467
689	389
68	438
77	640
266	234
748	500
457	523
827	299
75	769
722	705
701	680
313	557
42	988
498	201
733	770
332	330
974	251
28	273
413	140
712	184
563	210
553	534
256	141
190	354
823	500
560	255
493	829
863	536
301	237
656	260
468	487
23	348
413	263
158	571
147	789
987	892
162	842
622	933
435	694
594	321
437	441
330	636
565	774
186	423
208	405
704	121
58	460
52	579
700	253
229	576
333	275
772	477
185	973
384	925
755	525
334	932
772	315
546	972
665	818
446	1000
431	180
11	854
765	246
777	599
82	420
235	188
647	222
821	605
875	410
636	734
966	689
884	105
335	262
544	633
635	925
481	726
448	664
726	294
797	468
621	756
370	641
210	902
100	680
299	772
631	732
330	407
729	652
81	262
393	977
302	369
574	537
354	342
74	370
794	961
579	174
77	854
957	581
200	343
227	773
988	683
477	651
388	152
603	283
281	300
315	208
944	467
772	465
450	958
417	527
417	727
888	878
922	849
271	679
803	465
708	695
793	210
415	888
999	216
685	809
197	382
230	539
556	367
713	586
516	218
624	582
686	949
11	655
103	406
593	391
226	237
446	884
348	724
263	468
448	975
760	124
423	361
405	431
505	371
448	248
605	295
222	322
579	390
564	128
482	759
347	726
127	389
475	939
83	447
896	954
290	742
526	886
243	204
712	573
689	381
94	144
223	336
940	750
811	255
470	609
973	798
379	233
70	480
608	668
206	199
318	715
581	843
686	911
363	362
284	619
792	826
512	137
789	895
543	934
380	254
691	202
288	313
9	811
591	122
817	580
97	506
801	946
34	243
853	130
531	342
183	662
928	364
975	362
309	656
49	663
191	894
369	535
14	747
42	829
909	221
913	823
79	741
947	697
551	953
779	951
959	462
641	608
137	448
889	949
333	902
466	304
851	471
836	691
547	952
20	450
283	196
4	456
488	344
124	629
533	722
144	163
648	436
475	517
989	216
913	259
974	541
734	929
910	986
777	982
761	120
949	914
901	459
369	944
876	558
687	990
836	454
810	632
582	246
477	455
421	261
369	557
756	298
231	942
855	934
499	461
593	806
905	603
295	190
942	123
220	844
938	559
710	308
954	944
467	379
85	971
66	448
928	451
110	930
1000	252
651	170
906	355
162	478
366	792
440	946
109	363
91	157
558	743
992	688
544	212
811	239
941	127
19	146
444	842
525	789
558	778
424	523
7	429
217	999
863	691
829	420
57	124
334	120
931	298
105	114
225	761
295	123
307	152
796	798
355	817
552	809
801	796
854	565
543	477
890	967
743	393
450	909
288	252
993	669
328	532
921	409
781	149
539	329
709	848
693	114
672	186
923	935
411	826
626	991
193	734
194	232
440	683
233	652
335	665
542	827
397	903
676	522
328	363
15	335
954	726
964	295
297	509
412	761
463	326
921	340
710	184
462	643
380	608
395	647
946	415
115	394
280	484
895	673
235	288
207	771
412	809
778	846
426	223
999	328
593	670
980	190
50	359
124	630
759	524
387	643
19	902
251	731
543	826
218	279
705	242
246	533
242	972
242	228
394	851
19	122
508	112
703	239
271	818
586	970
125	457
679	898
420	182
19	967
680	336
701	557
732	538
714	647
516	128
265	289
81	1000
265	862
563	762
540	838
363	523
460	178
237	279
460	470
779	612
86	501
144	691
75	388
513	751
885	631
558	354
789	241
460	235
115	276
781	510
100	265
13	382
566	985
162	329
203	312
494	722
576	666
210	916
362	323
604	458
502	1000
184	785
85	213
541	528
531	404
586	302
857	449
572	680
494	251
135	987
454	601
252	179
582	405
54	982
378	631
500	656
329	981
359	980
640	129
598	197
394	683
26	597
563	611
167	550
798	649
108	672
686	658
351	721
510	906
653	636
343	411
813	647
754	855
512	488
38	797
62	176
466	183
88	794
983	918
578	934
384	373
229	274
55	119
168	755
499	875
952	487
567	458
173	494
619	297
366	461
33	152
846	906
991	476
351	393
636	910
112	685
250	885
187	181
323	584
673	324
192	877
221	292
385	357
724	418
457	160
970	560
911	906
95	524
432	308
675	560
616	566
895	652
701	608
216	631
503	721
114	424
194	891
200	183
100	111
373	572
463	141
794	869
885	390
697	244
580	112
380	618
830	948
240	481
40	877
537	468
896	374
88	111
406	342
583	512
261	829
826	480
324	253
807	465
613	758
5	982
467	484
730	573
868	426
123	471
96	425
857	465
438	231
650	908
604	798
753	568
770	251
614	423
804	119
165	628
575	922
238	483
262	979
532	999
571	386
327	318
693	858
303	995
159	206
792	311
793	858
152	523
361	377
190	422
446	862
583	639
70	700
468	760
71	312
37	304
590	643
995	969
748	917
96	842
927	337
878	192
773	715
272	249
987	666
486	552
611	175
923	382
784	593
248	693
250	357
950	844
823	920
918	844
240	303
54	277
3	193
600	897
460	433
749	499
232	947
376	837
662	932
142	861
341	195
774	791
781	271
350	629
613	174
420	596
99	394
928	255
275	962
203	967
954	457
5	704
241	364
380	754
684	447
745	122
63	199
884	593
57	762
943	843
428	608
126	416
258	593
998	380
121	793
612	443
856	749
730	781
923	104
182	404
898	123
661	593
436	354
167	841
555	763
92	480
335	179
618	297
563	356
863	936
992	974
200	595
166	911
902	373
338	939
594	745
99	785
788	837
503	813
385	951
397	204
828	768
901	976
429	695
113	800
872	213
752	907
669	186
562	963
729	176
445	102
20	817
686	695
368	807
149	599
517	908
905	543
313	572
121	754
743	641
278	413
715	743
734	371
906	856
568	543
544	819
190	164
598	315
840	802
70	182
163	877
464	809
35	411
779	906
573	686
544	824
587	420
784	864
992	810
783	697
669	759
563	115
675	928
922	836
446	975
390	875
326	375
38	163
367	903
833	272
281	900
36	876
260	242
428	415
560	814
792	238
158	799
141	548
766	897
749	239
455	414
969	105
264	925
531	363
932	427
679	977
322	502
200	105
200	550
402	911
335	234
355	886
746	394
121	203
411	664
888	559
78	231
197	762
707	926
455	675
74	976
902	493
675	640
565	745
342	267
235	826
289	103
165	308
220	758
661	973
313	780
204	370
93	358
33	510
302	239
108	385
714	657
338	234
749	913
626	957
183	781
291	204
876	430
547	682
727	288
603	705
999	542
794	106
561	661
745	685
375	600
97	812
508	304
550	904
181	858
767	257
384	370
769	644
567	292
573	378
838	760
802	513
640	476
426	794
31	902
602	346
718	619
31	224
976	434
411	305
418	377
73	660
594	508
368	792
68	443
785	239
779	519
903	683
584	804
1000	965
610	688
97	144
344	669
356	389
276	911
468	433
796	281
428	100
864	512
499	687
919	378
725	464
94	504
362	197
28	284
977	470
668	672
379	998
499	110
654	581
451	384
376	214
195	363
827	573
684	980
771	274
656	192
420	517
747	842
694	296
611	227
335	534
432	863
414	309
1	190
201	142
642	935
340	586
908	721
478	193
647	956
586	418
880	636
823	536
113	216
577	345
998	649
1000	203
251	400
297	965
289	666
461	656
323	372
199	116
230	574
110	985
619	523
666	517
439	728
647	268
571	551
188	143
110	138
268	849
441	967
502	544
813	110
832	621
39	103
203	293
847	688
994	721
894	225
963	151
676	710
979	654
325	557
164	482
368	489
236	209
139	194
296	219
966	904
674	648
417	199
705	443
354	604
876	598
468	381
352	495
175	944
490	491
686	868
153	518
4	311
724	853
250	882
21	817
689	886
185	106
887	678
570	468
95	670
71	830
300	877
250	460
91	539
33	723
559	833
132	601
653	473
903	864
624	137
950	780
449	278
384	744
965	839
769	432
539	542
839	647
32	542
747	227
736	499
493	741
236	842
690	221
489	346
985	667
265	855
578	485
562	281
110	486
673	883
512	678
925	889
581	397
926	553
989	289
504	993
951	405
984	962
697	793
647	245
948	869
587	750
718	907
904	127
314	856
199	416
471	998
179	221
790	289
178	764
477	519
334	652
932	290
611	653
244	409
663	487
772	504
361	427
322	820
454	729
328	759
569	500
797	621
384	712
55	917
234	632
441	869
19	643
459	357
874	148
144	966
209	874
405	389
880	394
328	559
34	688
23	202
881	157
230	474
461	246
950	528
299	941
754	797
643	813
855	156
56	430
374	528
994	766
641	758
505	364
564	717
447	366
59	260
198	880
16	127
977	212
730	173
506	273
723	276
508	822
924	890
920	911
459	257
819	951
605	873
193	496
360	517
936	897
412	146
977	829
758	561
818	713
311	327
390	683
190	287
490	137
463	846
315	808
150	177
517	144
973	736
794	306
797	982
709	904
975	158
832	492
281	339
540	338
939	779
674	415
468	203
302	606
519	597
153	368
90	412
451	786
128	356
76	958
38	926
856	546
159	594
830	367
27	989
438	680
453	881
756	413
370	492
444	278
147	608
604	617
605	924
482	762
762	271
572	793
746	435
131	859
561	819
177	332
829	994
325	975
418	130
666	908
696	707
66	848
881	752
127	483
593	171
551	456
267	685
927	929
546	920
490	200
927	964
198	751
649	540
119	536
912	814
995	743
890	513
652	253
599	219
262	746
5	322
901	900
883	542
610	783
501	793
334	360
582	721
731	499
686	357
894	762
755	327
60	208
399	768
434	292
110	121
168	477
6	225
745	521
907	346
751	781
347	239
432	398
605	765
53	957
906	421
953	688
825	197
233	548
56	727
742	628
560	556
825	990
474	120
64	826
510	358
98	811
786	749
224	381
118	871
8	113
62	643
508	124
428	260
967	944
24	320
106	555
498	501
22	382
222	322
531	824
777	195
932	296
191	335
912	107
13	651
354	955
645	360
79	255
739	222
74	903
469	633
30	814
51	205
107	378
132	141
205	883
698	760
798	147
486	705
740	311
221	449
580	513
386	183
755	651
191	426
549	352
841	114
141	764
391	546
154	615
500	160
32	924
701	595
294	983
494	653
511	538
263	190
671	432
468	439
660	466
312	505
844	809
25	276
897	156
344	763
295	982
301	940
934	893
749	213
619	108
274	503
365	946
208	902
212	484
259	723
149	800
523	246
964	584
711	263
996	253
88	880
155	880
231	107
760	338
233	482
160	649
415	470
766	462
123	445
150	623
109	941
760	180
162	456
733	310
716	394
96	781
278	123
285	755
432	920
396	929
329	953
236	200
820	824
102	807
354	131
570	330
422	903
592	554
206	305
589	171
385	436
848	856
919	909
996	329
575	399
556	708
382	901
52	588
337	666
56	447
814	844
826	860
983	447
236	667
897	843
682	907
136	437
326	438
944	443
914	448
612	286
696	122
276	146
968	348
569	432
237	156
867	488
793	682
150	947
639	902
401	178
900	757
538	681
143	757
141	115
999	450
677	491
251	737
901	683
646	580
534	814
406	295
657	687
64	719
210	205
526	957
372	302
122	991
320	458
308	609
871	987
203	393
23	230
154	935
892	856
136	973
379	607
391	457
624	497
245	871
135	158
252	227
688	401
101	899
39	443
965	363
373	227
58	104
799	266
995	855
300	493
354	483
134	275
506	259
50	440
950	126
175	961
739	942
850	384
729	288
68	465
142	562
199	134
483	254
993	474
783	350
949	858
300	133
681	353
448	164
706	753
81	671
218	227
208	549
521	873
550	303
611	450
934	832
530	151
72	216
601	470
248	616
618	739
994	373
22	404
101	651
145	539
559	901
956	678
549	241
841	511
350	596
422	620
788	654
923	228
608	183
384	680
341	427
956	811
713	244
573	827
338	363
19	457
53	639
488	977
94	122
786	835
57	403
24	630
447	115
686	309
116	648
543	778
658	653
63	910
643	496
819	710
133	464
476	122
835	310
676	153
495	692
840	341
167	344
170	372
28	160
73	418
343	453
548	162
251	983
334	165
967	103
308	987
373	755
917	870
538	906
873	520
943	179
543	589
518	446
664	172
340	947
6	924
340	855
606	120
382	316
791	424
608	634
802	288
543	505
598	865
893	262
82	699
353	577
817	333
333	247
127	413
902	945
586	371
101	975
902	953
824	882
410	664
372	794
396	535
270	997
934	117
600	137
907	465
520	961
67	862
982	321
946	638
175	426
286	795
316	349
846	406
728	222
507	502
454	611
727	247
589	732
74	458
805	587
561	739
58	870
887	445
248	349
705	324
561	743
738	748
78	865
689	183
424	112
974	102
336	707
913	108
458	161
39	334
558	939
585	134
844	714
493	245
525	628
762	314
376	861
896	594
942	224
57	768
888	120
868	783
396	317
258	114
174	156
478	986
893	929
105	703
599	271
350	845
666	647
884	683
846	841
380	768
703	546
503	848
296	511
44	1000
690	190
933	708
426	489
827	977
49	475
857	795
448	417
991	589
146	135
415	321
374	330
749	548
111	571
536	535
56	316
318	179
580	286
30	530
768	182
448	978
419	354
927	473
242	895
37	671
84	528
266	474
51	184
84	182
549	121
944	629
584	650
107	128
248	539
561	998
50	999
90	609
522	804
960	490
478	866
10	458
772	336
377	351
435	279
300	314
431	833
323	328
330	508
562	722
949	676
158	386
45	168
768	759
194	988
682	647
421	342
1	486
460	657
819	852
834	867
744	306
416	309
850	783
980	589
666	208
855	258
58	556
758	790
294	962
483	550
46	204
668	273
302	202
771	980
141	672
808	481
15	790
457	547
230	273
221	251
916	643
36	761
209	187
142	796
909	753
984	443
804	518
181	553
141	948
450	510
478	575
912	939
181	755
870	587
959	426
798	640
722	150
965	757
120	258
74	608
128	527
621	337
180	448
612	827
375	371
999	610
892	507
404	979
502	353
329	500
970	516
822	458
520	739