10000
5000
393	111
735	921
161	561
647	517
377	937
385	543
681	722
355	159
24	299
196	200
751	950
806	982
459	960
681	561
970	326
805	144
301	642
817	307
271	282
936	161
151	673
333	746
114	457
215	361
298	192
765	100
685	149
245	585
25	489
508	357
548	661
582	463
133	804
614	405
683	501
364	580
610	220
890	535
479	682
421	819
580	131
360	599
13	695
173	832
974	929
566	520
483	524
526	553
49	893
114	956
974	969
389	950
874	725
883	821
639	835
295	842
111	231
522	824
219	324
391	562
572	356
339	880
910	422
779	807
12	333
56	671
556	870
220	893
28	779
790	163
871	457
931	549
2	607
129	738
205	464
945	290
923	976
724	993
26	155
246	313
498	842
850	813
364	105
762	322
810	797
528	227
980	182
37	269
576	232
761	844
961	526
266	387
216	507
786	299
676	580
872	436
243	588
508	752
553	754
596	298
102	168
235	230
585	379
595	404
275	154
448	822
82	607
18	579
994	661
168	111
777	416
633	882
951	779
888	675
624	860
407	503
893	455
900	273
106	920
588	724
930	170
946	862
532	461
967	430
951	805
105	876
789	839
318	952
813	741
608	478
771	464
641	682
130	332
32	744
84	509
957	682
1000	382
648	645
58	436
551	828
897	724
934	182
9	738
303	826
855	832
887	521
579	395
750	160
195	163
798	728
283	359
460	526
599	137
240	377
671	938
716	585
612	774
149	483
357	194
135	374
805	721
27	535
19	931
732	738
187	786
631	999
186	393
178	194
921	160
50	109
153	692
759	370
514	268
977	557
790	196
321	401
144	841
838	128
608	466
252	336
338	560
589	517
802	787
865	975
126	370
568	456
356	576
326	540
16	308
957	148
875	263
734	144
787	687
601	347
549	970
933	111
42	756
924	888
872	295
186	316
750	477
645	295
400	291
342	284
561	167
713	581
849	407
917	120
16	336
912	412
479	604
396	401
525	668
222	860
685	463
878	959
790	172
354	496
647	287
471	691
537	354
783	582
704	166
16	316
768	737
494	374
167	771
952	218
20	453
545	172
803	967
603	176
645	818
836	220
713	679
490	886
77	798
295	602
892	520
581	560
46	365
797	612
577	841
817	717
13	484
676	671
392	482
827	681
233	630
224	174
536	842
116	978
422	296
208	354
38	142
96	217
516	817
695	937
211	664
330	665
543	686
622	164
18	854
984	889
621	406
51	877
323	642
373	395
190	833
694	545
839	593
854	553
978	950
191	700
167	598
275	405
709	308
166	607
79	518
883	552
64	686
638	798
44	146
721	822
390	538
973	178
66	614
519	926
577	319
577	982
847	111
488	359
947	811
206	742
486	383
275	516
388	450
124	538
3	761
152	806
166	138
343	821
62	652
630	111
478	452
378	553
971	610
645	384
247	223
219	209
708	166
235	434
344	830
735	526
578	676
269	798
327	952
249	491
983	274
930	313
630	230
121	195
783	846
985	787
725	275
16	861
421	477
629	718
987	191
921	496
232	938
318	880
778	780
758	534
341	839
249	546
257	723
851	758
753	368
288	400
889	172
703	555
528	934
787	424
906	716
981	144
472	402
358	517
264	401
37	399
53	867
78	622
523	674
3	762
313	370
837	821
567	251
363	281
61	839
474	167
362	545
80	866
853	633
96	772
880	766
841	190
763	339
971	405
869	767
770	567
250	180
510	475
404	302
923	822
343	553
515	312
406	889
458	645
834	601
544	147
720	849
997	115
545	400
673	958
851	390
433	450
78	575
904	423
315	219
299	978
833	400
376	174
13	893
85	878
323	286
3	738
667	384
509	169
399	408
331	781
454	263
25	192
965	775
771	146
15	911
826	994
100	180
118	845
321	478
622	727
353	346
467	407
944	242
828	511
385	686
455	121
495	300
35	839
324	136
961	540
282	145
112	964
670	613
61	910
403	319
409	891
908	781
626	511
863	113
846	698
183	343
35	951
121	368
301	855
664	143
978	919
761	769
976	699
641	564
124	140
604	792
956	884
414	761
396	917
151	901
604	336
357	684
157	445
854	997
269	588
393	612
312	248
798	455
777	430
826	748
547	420
489	333
755	902
836	100
494	392
443	123
16	381
501	232
598	552
825	282
116	280
579	240
509	144
898	368
968	311
187	902
31	300
203	162
507	736
253	809
524	372
545	544
555	641
379	495
799	929
263	357
537	468
898	241
774	929
294	587
746	688
283	385
826	755
387	835
344	488
217	775
583	278
936	576
61	997
65	381
669	622
507	481
282	555
969	428
259	659
825	736
383	855
333	810
752	221
215	345
993	686
535	667
372	521
826	611
182	667
545	157
246	916
256	661
922	848
108	228
78	453
658	459
303	557
829	388
436	147
467	219
56	892
818	841
193	976
449	212
193	488
419	280
345	785
125	734
581	191
156	919
714	156
859	612
170	154
717	420
734	267
412	304
599	280
368	254
624	180
148	903
853	292
892	916
776	631
910	587
958	421
253	534
555	741
919	134
339	335
221	594
279	636
74	654
526	740
722	595
704	846
257	658
687	441
586	630
96	589
878	699
553	898
956	640
227	525
263	476
422	162
659	327
154	897
311	164
522	578
242	472
336	869
40	665
526	315
96	156
447	384
953	246
10	341
737	372
564	887
139	839
680	792
827	979
780	748
222	945
416	751
700	124
103	219
150	177
814	209
807	459
240	428
263	465
251	607
881	418
552	784
91	903
5	515
762	522
577	234
305	960
200	445
471	948
864	670
224	204
980	582
203	420
28	624
293	234
393	940
642	323
68	500
46	993
578	122
412	679
551	433
423	972
569	365
455	908
630	466
176	601
88	884
1000	413
804	978
617	366
347	650
405	867
670	264
346	766
473	923
395	897
37	464
647	534
922	131
778	659
494	913
500	141
252	526
120	592
103	168
806	327
352	988
753	658
73	623
489	199
365	879
144	187
658	878
381	642
999	807
574	894
473	282
266	164
936	860
424	559
480	204
936	215
294	705
564	241
590	291
502	315
819	773
729	645
67	580
640	387
170	721
651	260
601	466
616	580
687	217
437	650
650	524
323	575
383	463
938	877
796	317
928	525
736	615
460	695
357	501
391	800
394	498
857	819
508	100
427	906
421	146
642	262
27	154
219	137
807	333
470	124
55	794
402	831
89	532
66	778
876	235
728	590
884	903
206	325
51	684
193	701
500	544
270	578
866	761
567	457
548	867
612	310
500	365
596	562
375	186
580	124
175	235
574	617
20	551
124	642
88	811
759	200
201	284
846	545
477	732
985	978
665	373
929	837
977	147
540	552
347	727
18	603
1000	462
174	448
329	481
262	209
531	309
230	162
56	283
511	991
98	370
169	224
464	159
562	456
459	969
262	682
107	798
880	320
377	969
985	575
873	103
643	684
777	814
177	479
354	599
80	827
946	323
528	738
108	469
832	676
16	620
297	869
844	507
124	691
224	520
566	293
217	462
857	533
972	137
750	339
979	391
911	409
742	170
41	599
702	649
743	468
198	826
929	799
721	739
977	881
308	541
931	430
329	264
419	178
812	785
657	240
104	468
850	914
368	225
294	531
192	310
354	294
335	826
880	635
24	926
176	599
656	695
71	718
848	541
871	690
753	834
275	622
236	908
782	788
865	790
698	160
315	771
881	735
675	174
302	197
703	403
787	461
331	884
992	831
970	177
647	329
496	580
262	246
741	709
989	593
270	547
32	188
391	811
319	880
686	847
882	889
68	501
521	139
498	348
327	379
213	216
404	324
797	544
221	877
112	515
949	441
841	842
126	965
646	716
173	502
749	757
8	883
793	728
619	322
337	309
941	539
905	544
459	415
188	102
529	757
541	605
889	447
755	280
585	240
291	734
926	440
579	214
967	628
814	870
280	525
83	387
718	356
473	680
604	221
304	416
806	996
41	589
860	372
816	350
445	828
960	819
986	237
87	237
481	988
427	470
94	991
918	785
630	428
177	479
703	686
787	168
540	604
47	573
922	452
447	735
871	959
686	410
260	394
99	494
361	872
157	165
54	676
108	385
547	382
633	262
62	836
572	769
972	721
529	981
859	710
940	478
66	276
782	702
556	674
31	180
964	239
288	815
934	644
599	314
857	655
352	822
274	492
820	396
425	951
567	895
336	318
685	757
522	649
656	311
30	965
474	509
569	228
670	926
574	150
2	114
624	818
417	219
997	120
283	796
511	994
745	521
886	499
201	618
572	613
6	361
426	802
87	377
306	379
460	701
78	640
337	520
39	432
46	310
881	815
22	659
536	101
945	793
36	549
968	643
933	878
587	320
836	958
835	660
878	769
734	101
569	321
331	799
756	634
623	627
486	951
604	811
609	566
852	652
615	165
69	471
101	250
406	259
660	235
465	481
13	825
87	749
606	337
681	735
284	138
125	628
820	600
774	754
264	322
263	715
916	805
920	524
747	150
162	116
501	181
797	383
608	540
388	989
859	473
47	781
131	775
778	456
250	824
712	733
900	171
86	264
259	840
406	653
754	659
781	717
417	479
854	616
534	313
480	676
364	364
158	873
932	216
845	656
489	750
143	926
747	554
107	718
756	626
335	541
997	483
83	474
939	761
946	953
513	849
652	832
658	699
59	645
53	753
195	757
232	310
156	253
985	856
431	594
496	919
521	875
157	684
944	496
994	486
704	294
166	761
308	755
130	473
273	760
142	338
846	511
479	738
435	159
20	498
249	529
588	363
523	713
768	835
715	160
603	828
645	535
976	461
514	504
836	879
271	522
733	263
910	319
844	817
147	425
662	945
867	390
306	445
659	448
711	444
242	797
463	420
647	792
731	176
446	259
544	164
990	287
170	253
919	190
224	716
13	625
417	436
912	841
303	912
18	430
916	938
837	940
377	564
636	782
74	583
65	893
796	964
646	810
471	154
262	541
943	397
980	585
676	994
265	601
965	507
503	461
932	358
587	390
191	834
364	495
853	812
825	987
600	672
431	967
425	720
473	102
876	313
475	965
982	196
897	771
760	397
549	922
959	681
341	149
776	686
375	287
2	912
988	725
965	452
837	496
761	828
102	696
991	164
818	673
677	522
708	355
497	515
6	988
293	473
661	485
325	416
538	771
628	257
14	133
187	867
885	248
963	291
905	125
527	913
573	808
694	710
346	350
328	565
951	852
61	804
795	209
983	888
269	726
235	507
294	373
303	191
336	632
135	506
230	176
563	486
212	553
108	847
95	399
13	216
751	705
853	563
482	398
446	352
10	927
775	578
289	486
93	461
637	893
226	943
853	257
336	634
670	624
370	392
663	191
32	761
667	578
74	401
925	427
638	941
860	259
802	461
583	531
728	381
945	323
697	593
255	156
553	713
694	591
75	342
421	111
890	863
269	160
614	491
834	992
966	512
142	878
979	415
308	963
118	574
720	382
177	429
73	962
991	556
597	913
165	153
603	913
835	935
877	564
169	237
372	697
55	274
750	191
74	250
653	408
74	304
69	424
635	419
348	898
445	445
990	666
520	349
587	733
427	242
596	823
386	587
102	604
374	358
87	367
655	440
486	409
131	531
855	224
316	861
972	344
140	620
724	446
578	625
429	786
960	844
259	133
712	311
686	308
572	649
128	598
25	726
775	588
664	706
322	851
382	339
978	543
109	125
981	468
270	568
581	997
648	799
638	277
414	986
650	108
816	938
282	708
709	612
674	703
658	688
615	286
620	378
213	191
981	764
207	170
913	112
92	238
556	680
371	239
238	790
572	475
32	234
549	623
358	472
19	444
239	249
214	712
183	266
188	163
667	696
116	320
932	369
790	216
909	668
172	989
463	453
53	591
134	649
775	735
11	954
908	132
292	830
529	963
283	811
286	263
699	732
156	955
786	898
54	297
468	207
733	865
133	466
381	506
604	861
70	367
83	719
314	727
584	784
360	532
22	148
702	257
389	954
183	905
852	457
825	386
525	907
920	613
556	602
887	734
907	334
403	793
128	700
486	727
651	801
542	237
128	403
168	235
569	285
326	461
409	591
828	993
625	654
661	410
534	822
589	420
73	488
69	594
280	355
173	270
930	649
50	884
31	162
339	668
329	757
28	348
972	930
462	383
466	919
516	658
51	660
930	983
312	278
284	952
905	707
789	752
900	202
68	402
542	476
106	727
463	703
44	893
614	698
178	689
302	860
523	351
642	917
469	491
166	265
865	180
583	603
993	755
311	240
561	341
434	785
70	859
543	735
370	444
686	403
704	448
827	647
879	393
326	277
278	111
640	386
288	604
115	853
667	624
731	538
856	278
151	434
685	490
543	940
156	248
325	597
369	589
880	929
346	502
67	201
524	890
434	323
205	833
544	931
568	847
809	556
214	155
348	274
233	368
613	145
994	681
88	296
621	213
739	176
93	302
435	783
554	404
704	593
601	227
823	266
76	399
593	256
609	627
903	270
830	758
980	762
586	238
140	102
651	566
771	923
418	948
390	704
375	438
665	296
481	992
847	153
459	497
476	653
868	780
42	102
936	564
956	120
525	946
634	509
415	567
491	824
322	472
580	285
352	489
481	399
673	531
302	800
701	247
990	346
768	281
832	443
407	803
766	415
443	871
575	556
653	350
921	134
516	646
449	159
615	812
234	476
449	778
587	314
376	740
980	403
567	763
43	780
356	641
523	337
572	646
850	271
550	109
448	240
843	268
306	781
756	506
286	800
849	776
306	229
71	537
646	410
651	358
585	647
654	559
785	608
564	747
298	922
379	804
600	730
430	784
41	973
713	284
38	820
883	971
175	709
872	307
778	827
85	313
295	317
422	844
158	441
303	494
269	839
705	653
860	871
737	736
474	197
209	540
252	604
901	293
299	247
10	846
773	688
47	486
840	761
634	236
806	941
464	500
35	450
889	496
362	170
101	131
760	441
548	638
489	607
817	651
313	619
76	818
475	623
338	256
463	234
238	388
787	580
509	390
683	106
890	345
106	459
202	165
655	764
811	525
910	855
873	522
446	951
539	882
638	781
368	542
859	269
895	566
115	317
529	220
841	605
822	560
257	897
855	349
44	368
960	319
435	112
689	584
860	651
667	389
973	382
628	928
629	942
541	435
584	651
978	304
945	826
112	463
858	455
907	347
987	333
613	943
539	977
96	383
717	834
614	122
441	845
797	343
323	830
120	658
748	672
848	522
760	953
682	775
465	786
456	881
831	882
217	285
873	130
874	914
763	396
505	884
85	487
507	188
584	736
904	531
826	658
783	725
515	406
381	523
548	886
437	230
350	554
624	288
49	181
318	938
530	944
165	833
618	620
309	861
183	364
806	974
341	659
145	787
401	196
697	818
736	342
193	736
135	249
877	303
14	256
551	177
988	311
1	905
6	265
235	648
467	614
608	162
12	673
652	861
780	900
637	797
53	832
568	721
189	868
449	309
553	512
291	322
260	264
442	960
980	488
991	541
533	854
477	302
167	611
60	1000
994	888
942	204
656	928
996	568
329	208
980	384
543	968
368	319
767	489
47	896
748	558
92	187
390	282
397	859
598	394
534	152
473	102
908	674
863	118
537	647
894	161
844	573
931	736
395	890
259	205
313	566
533	661
2	555
853	607
180	365
449	857
598	853
804	124
762	716
707	298
645	300
936	534
118	737
192	123
122	370
149	494
119	569
711	172
234	309
480	183
416	538
804	890
872	199
863	464
983	984
316	444
791	771
114	483
593	891
524	229
157	225
64	377
630	522
578	727
608	309
849	271
465	852
375	681
643	883
215	276
557	490
272	626
598	355
236	672
119	931
501	674
819	860
609	870
11	622
208	214
923	819
939	996
863	476
187	318
993	723
956	472
727	543
972	109
725	268
342	877
427	600
581	650
906	300
548	713
851	751
208	405
66	237
391	602
679	695
60	421
523	539
824	932
601	827
232	448
577	884
972	952
971	715
654	237
427	667
748	770
995	249
933	958
92	735
337	978
463	369
23	532
595	230
857	915
581	919
379	579
45	290
132	899
12	120
718	196
172	262
314	355
205	863
349	144
385	136
697	714
730	860
155	348
544	847
426	467
647	865
462	182
418	500
721	354
206	224
70	839
796	405
367	703
48	410
65	446
805	726
697	675
322	449
7	719
377	966
557	612
70	487
497	192
342	386
312	611
482	327
644	701
949	870
814	823
528	323
228	666
424	906
83	126
550	504
747	658
735	930
871	591
420	929
551	661
322	682
826	837
700	677
41	854
560	807
320	767
188	828
995	599
106	241
160	466
864	383
1000	486
783	930
5	512
346	818
716	512
540	794
240	649
957	784
943	439
525	180
362	895
22	854
789	999
909	411
177	709
163	224
99	914
475	269
589	786
85	265
660	817
769	786
608	360
820	584
234	347
293	380
763	604
348	663
981	228
10	870
569	700
80	944
493	970
369	192
848	122
224	579
919	746
54	922
522	652
773	387
618	335
97	393
216	189
703	650
721	575
757	998
779	402
643	807
989	619
490	565
123	739
710	655
401	340
346	904
450	508
137	846
934	808
648	633
765	754
287	250
567	213
309	275
610	319
702	1000
972	669
546	776
367	475
326	553
613	103
891	391
85	519
291	439
468	159
801	428
757	581
245	142
657	269
385	300
853	972
867	200
118	755
5	559
516	267
500	947
593	426
497	348
608	256
285	631
310	994
976	723
448	698
1	227
555	556
637	929
854	258
524	735
620	163
276	325
10	391
753	929
462	752
231	571
170	238
308	516
970	125
769	797
232	998
315	263
515	516
853	610
237	790
500	386
54	695
388	130
828	492
232	330
919	375
630	598
902	902
744	555
550	582
81	543
458	796
906	795
674	338
484	261
126	490
402	123
936	932
95	178
233	572
304	280
574	304
520	606
839	955
248	546
354	933
297	995
23	170
904	896
174	407
519	609
10	731
100	633
461	306
197	559
871	744
110	284
853	832
626	364
528	306
868	541
893	124
712	402
121	146
333	567
978	422
714	810
262	735
822	557
838	916
780	768
719	589
464	364
388	625
949	238
381	452
936	409
25	699
628	981
672	316
542	474
205	557
340	332
533	177
498	367
243	612
478	530
648	904
814	364
868	757
452	980
859	920
674	726
88	941
762	185
219	698
100	325
624	376
422	193
930	125
935	335
724	150
808	115
850	434
707	961
75	240
571	493
273	614
365	108
905	469
160	783
536	406
808	329
410	866
656	612
508	699
701	334
180	680
182	708
590	431
84	552
571	140
440	155
121	205
334	346
109	482
280	522
631	249
572	298
185	943
125	967
644	575
286	923
589	636
637	861
897	240
478	287
682	601
719	234
984	202
239	304
165	191
962	363
900	951
210	699
499	735
757	683
196	868
632	818
562	222
781	835
115	216
890	294
367	637
292	276
823	241
263	156
200	988
932	571
960	566
686	249
939	317
587	962
534	687
713	906
552	755
211	757
641	314
702	358
178	311
701	434
581	206
865	299
813	761
215	810
224	241
705	840
449	797
999	463
879	956
562	906
282	597
549	658
162	968
717	464
762	619
211	477
47	150
259	350
864	508
954	428
425	448
192	113
30	246
471	698
874	965
398	712
659	341
32	950
528	440
718	184
568	328
527	961
185	639
610	321
694	826
216	662
147	229
66	973
733	911
646	344
333	847
26	361
569	665
503	182
678	813
552	387
483	769
960	803
805	178
305	257
815	608
103	861
317	467
346	290
432	514
839	319
845	669
813	272
615	709
905	622
809	751
188	957
537	436
416	718
306	648
121	658
493	107
250	177
258	700
818	410
824	843
495	105
531	993
22	142
359	119
999	811
439	1000
413	499
532	534
268	576
370	208
609	593
7	199
669	741
754	608
909	439
244	435
289	719
965	145
158	170
434	690
947	449
859	113
646	657
794	749
151	533
846	937
688	761
724	263
685	488
64	285
19	452
294	762
258	728
437	730
538	521
57	790
574	669
441	780
985	434
343	356
498	938
12	451
332	549
252	565
753	796
847	974
823	445
176	409
318	620
78	787
851	380
708	327
453	799
566	381
329	487
687	568
664	861
579	229
570	184
451	612
784	790
589	916
662	945
723	530
671	858
297	730
47	497
410	100
887	277
562	902
153	356
950	585
946	841
843	955
945	616
622	184
38	338
191	969
362	452
576	864
979	900
101	804
516	133
367	430
305	264
599	410
871	209
557	932
920	690
600	855
357	827
177	219
79	959
878	295
942	713
772	155
98	170
973	828
701	911
938	674
518	389
875	147
417	755
715	925
294	528
263	172
926	435
84	225
773	456
65	317
420	979
721	468
22	792
293	659
811	456
620	907
108	737
970	349
456	693
245	742
914	887
758	188
399	827
163	730
489	911
34	588
100	728
13	622
571	630
453	663
498	133
323	892
1	765
389	595
908	542
941	579
87	639
339	673
441	810
263	467
890	788
198	987
202	511
603	281
752	754
485	872
420	620
604	408
370	611
142	228
569	423
214	638
164	249
157	891
787	261
515	461
712	162
714	566
759	536
594	880
909	667
358	896
805	712
733	918
279	963
29	561
190	446
288	198
538	639
257	883
661	611
326	960
12	983
705	514
131	495
69	581
792	975
430	550
607	263
265	694
383	295
44	590
886	152
707	108
234	302
290	890
797	464
4	246
431	732
129	558
973	843
621	599
967	591
50	337
884	150
950	398
911	289
39	747
917	606
115	499
272	441
791	773
174	183
668	925
756	231
283	757
27	181
694	737
515	772
708	649
633	992
949	111
314	845
441	134
977	729
490	162
853	136
728	580
172	332
503	905
578	903
214	271
875	918
438	435
738	974
49	987
194	306
431	503
723	462
143	360
922	667
172	650
422	752
841	773
561	256
142	837
72	557
37	695
453	318
260	672
55	452
16	214
642	209
987	265
295	653
235	885
213	700
477	681
47	725
722	623
841	206
931	733
870	252
917	893
713	457
568	801
423	550
598	719
717	629
99	810
229	896
482	345
871	978
554	256
263	140
822	730
21	946
367	263
238	116
325	422
314	399
116	926
684	992
257	744
259	833
435	982
777	320
643	516
604	342
366	879
22	225
581	701
25	537
681	846
489	322
313	562
307	715
584	658
343	451
428	537
574	934
719	851
388	826
692	570
725	398
649	436
990	710
761	259
933	245
428	833
322	539
619	595
29	152
938	143
671	717
754	426
782	359
867	108
351	500
811	350
305	178
111	465
876	749
584	539
177	138
244	816
556	170
22	884
667	823
369	487
871	813
884	640
28	871
875	697
76	461
786	813
757	385
926	646
173	707
742	795
358	716
919	278
372	935
569	404
303	722
775	866
51	887
59	434
167	654
673	334
224	679
510	310
251	140
834	771
286	633
559	289
86	641
45	353
403	941
570	363
900	258
980	389
952	442
512	460
980	967
311	340
663	874
295	360
337	498
296	998
960	823
240	990
577	288
436	418
868	894
527	803
521	362
524	516
837	216
402	587
553	366
626	968
943	501
298	932
861	552
369	252
724	877
912	365
820	728
397	466
279	878
800	571
857	424
683	593
655	722
842	526
578	479
468	280
522	874
715	477
40	900
309	149
648	582
118	739
861	709
462	812
35	821
975	175
350	254
334	197
147	869
837	520
813	709
898	832
806	958
851	452
373	643
140	967
451	487
543	900
520	837
971	512
629	868
133	121
512	651
392	775
654	286
373	527
977	318
522	555
84	183
132	426
915	428
531	380
551	353
397	785
37	376
786	965
871	400
164	543
814	809
226	977
38	334
830	765
573	433
901	295
516	659
589	102
346	551
136	106
968	110
870	451
535	732
728	154
112	932
968	694
362	501
542	427
895	821
334	659
365	925
193	276
793	413
871	807
541	242
793	381
930	307
765	814
849	418
864	629
973	699
154	805
299	363
361	408
456	128
872	375
157	961
950	179
4	360
814	520
528	175
356	744
972	305
544	453
235	406
308	103
757	292
927	538
827	828
276	685
660	448
523	767
69	790
48	995
80	863
761	328
821	910
302	702
495	780
260	585
198	684
1	1000
192	717
154	288
74	629
243	460
249	129
718	210
234	427
151	533
547	850
426	219
810	473
283	977
939	226
124	198
668	472
947	482
690	913
832	863
658	918
468	539
363	321
954	595
868	526
346	289
590	754
218	509
956	697
809	725
786	103
803	700
859	166
592	988
369	812
389	660
840	244
977	616
41	536
223	531
426	457
662	873
673	720
197	567
604	806
397	720
507	910
642	678
786	639
187	631
895	413
41	441
882	493
189	448
320	118
929	859
112	458
832	752
335	513
577	107
178	286
215	722
121	352
489	287
374	642
464	800
186	494
90	250
573	321
406	824
43	281
239	159
836	912
360	246
151	236
338	323
979	369
172	112
920	373
800	239
956	700
452	103
36	192
500	528
985	225
554	290
608	658
770	946
148	436
403	823
654	204
847	211
674	912
520	326
228	365
991	430
666	829
988	247
912	698
269	372
660	719
86	683
240	705
244	962
383	564
813	454
364	526
341	519
744	780
441	786
333	909
868	656
75	485
216	984
651	469
511	294
946	266
94	860
286	532
796	835
72	998
243	217
565	558
738	396
580	952
45	683
207	889
639	687
951	750
927	777
756	471
624	493
450	689
919	606
530	730
758	157
621	151
175	426
667	829
15	623
44	354
903	879
600	866
412	451
274	880
286	270
299	955
975	483
788	394
423	431
652	504
174	648
400	461
750	463
806	423
177	781
937	925
995	159
127	421
797	215
774	783
156	891
890	906
683	423
692	864
700	536
526	857
93	932
689	984
679	975
10	670
371	785
975	819
980	151
451	259
292	611
358	496
701	208
290	476
731	804
514	334
842	722
364	988
712	426
344	506
155	409
869	639
54	222
909	261
826	678
151	985
83	132
989	868
476	709
846	216
406	406
894	842
262	418
640	700
405	701
17	754
286	214
694	426
336	316
344	960
625	304
506	776
469	878
207	171
72	457
962	324
394	945
694	617
962	973
465	509
91	322
254	482
328	929
21	920
751	309
923	568
987	809
111	552
190	665
806	603
441	164
748	368
175	757
803	798
777	413
999	816
766	132
819	760
66	849
838	151
374	927
736	454
33	474
599	725
130	157
454	628
717	828
380	860
311	184
17	887
295	980
249	375
972	534
411	223
155	936
894	229
800	193
159	171
699	559
14	615
70	694
340	227
946	159
858	873
814	897
497	104
612	185
882	800
381	106
233	781
801	870
80	456
361	538
902	905
737	612
470	179
507	695
201	331
375	839
505	254
342	379
748	695
434	154
999	917
4	655
893	855
977	790
618	453
996	726
585	585
227	385
873	239
766	183
740	988
396	932
979	142
233	171
668	877
824	498
389	150
199	407
870	151
867	883
746	437
457	573
875	227
466	858
276	861
598	344
848	161
652	920
450	188
356	738
969	280
764	188
125	184
684	146
312	963
544	489
716	134
561	417
343	515
3	307
826	814
70	727
764	964
325	178
672	672
30	689
154	825
756	245
698	155
696	510
850	480
78	973
54	569
595	106
289	984
601	891
94	191
542	901
850	294
907	555
230	134
375	421
652	718
297	193
346	745
31	709
175	776
111	841
556	301
958	434
582	179
574	245
936	657
301	762
721	534
723	256
445	293
740	959
652	172
395	884
413	150
571	912
609	498
515	635
800	823
594	717
463	471
79	138
553	370
769	561
520	477
484	123
312	364
540	590
89	185
393	821
364	662
528	141
862	358
997	630
447	702
122	564
360	552
195	981
933	650
831	233
174	409
549	249
259	507
995	437
5	611
602	735
148	882
719	612
621	167
766	152
975	777
515	234
211	266
626	976
701	638
489	520
996	658
698	268
220	534
595	467
751	172
753	393
534	231
912	426
933	331
237	794
636	790
902	113
591	171
651	425
17	397
959	229
744	507
751	413
368	209
861	485
978	897
879	391
819	826
564	748
403	801
58	239
825	423
84	662
497	453
665	484
144	813
935	130
796	674
987	260
592	887
162	887
828	579
502	767
496	977
12	116
862	374
603	305
14	477
915	412
825	125
561	767
734	134
550	198
193	469
156	396
603	467
991	310
392	570
988	204
893	213
62	600
996	139
750	798
943	878
589	744
907	442
351	614
454	302
122	810
827	804
197	374
605	570
784	683
292	814
86	426
639	756
177	411
87	741
773	834
575	540
416	270
315	192
285	420
922	445
898	503
970	611
717	484
931	406
656	335
918	452
578	470
723	295
705	181
739	368
688	934
914	523
991	823
733	741
336	735
216	278
799	819
519	106
71	328
811	836
630	859
184	317
809	238
640	763
521	877
988	369
10	997
319	535
81	684
800	406
616	711
439	977
790	809
360	454
283	869
721	434
35	851
90	823
374	591
181	970
97	512
381	106
22	656
292	378
523	796
176	114
193	407
755	423
905	365
37	517
227	367
65	849
95	109
578	326
134	980
520	186
919	949
75	291
770	783
230	311
494	829
614	719
333	838
982	678
531	400
108	918
273	534
539	809
587	582
869	437
280	321
952	517
841	770
710	279
191	842
545	202
883	699
550	654
370	557
580	310
368	688
781	983
984	930
595	599
812	386
50	938
158	516
648	369
37	592
724	302
183	590
346	774
420	601
845	151
68	380
673	196
496	301
381	421
822	774
353	499
125	786
179	624
207	720
50	129
776	654
858	987
320	682
723	575
879	722
834	114
718	318
60	536
284	754
957	177
670	181
169	276
968	986
694	104
853	949
612	876
10	191
670	954
728	187
731	434
516	662
776	881
786	926
653	691
74	568
906	854
949	368
794	670
86	391
279	557
795	926
14	865
364	853
784	275
574	373
562	193
538	686
836	269
516	687
941	985
487	520
145	119
849	303
85	401
279	883
900	431
552	239
394	319
662	783
476	337
691	252
835	847
912	261
983	260
855	192
457	809
795	929
819	535
481	266
317	663
300	632
624	446
651	537
202	441
715	405
113	742
907	144
347	117
227	172
904	114
181	132
643	252
730	312
680	443
780	657
652	916
21	260
435	999
589	180
108	128
574	406
302	398
329	702
780	508
373	200
863	919
263	199
683	145
490	578
352	688
482	598
838	315
119	502
75	984
289	619
200	939
659	824
431	170
558	720
521	200
15	305
195	647
288	975
804	299
873	447
942	563
337	831
50	942
934	779
291	914
152	928
313	793
338	684
43	648
627	973
650	557
304	887
830	760
100	261
966	373
35	753
283	524
267	872
425	479
607	998
195	612
153	326
898	241
249	215
609	170
116	903
675	510
91	727
598	104
921	138
40	172
191	600
634	364
894	666
54	709
539	362
538	746
303	413
866	279
365	322
215	359
933	532
996	462
632	826
691	840
338	631
933	344
740	661
11	485
355	218
461	806
931	144
133	599
44	991
787	859
25	902
540	680
641	945
149	332
504	463
479	199
501	431
411	367
68	429
985	622
303	505
441	693
426	612
739	793
809	353
702	899
371	515
778	569
656	741
213	686
610	349
276	577
586	309
895	359
401	944
162	992
541	440
755	299
265	253
558	152
581	363
337	396
765	204
816	871
455	682
870	378
153	619
684	377
649	918
719	862
721	594
308	964
709	897
407	135
808	258
782	225
584	872
36	316
139	746
934	649
314	525
307	254
786	398
903	953
39	944
914	131
265	869
329	326
779	254
565	268
263	237
816	442
657	674
159	358
497	307
336	666
55	368
722	780
275	894
353	470
229	683
638	604
238	580
659	741
60	570
696	491
131	562
851	208
729	423
968	765
356	306
242	443
666	309
723	490
9	123
374	818
752	563
914	977
57	413
830	173
767	708
22	294
740	384
220	314
861	158
202	895
683	183
372	705
780	1000
545	521
721	395
878	193
653	789
618	203
709	685
634	478
651	101
899	123
778	291
806	910
770	435
706	489
685	926
209	137
699	390
858	757
32	831
655	615
991	819
570	404
866	310
482	981
519	113
316	360
164	688
627	933
648	864
441	968
830	238
875	658
429	687
519	469
496	522
995	814
767	734
794	896
240	488
715	651
712	717
400	705
364	162
470	265
902	570
455	647
412	741
675	162
825	866
663	528
698	418
21	967
539	467
777	712
347	566
449	334
363	496
347	696
181	624
494	234
935	524
316	855
560	248
170	943
938	347
459	933
108	358
152	966
972	273
656	275
985	158
444	349
121	473
206	279
415	664
170	136
584	678
397	513
363	471
217	955
86	472
944	524
412	146
100	284
390	180
706	649
695	417
590	375
105	864
993	890
275	192
309	292
185	352
816	687
387	311
426	360
137	502
414	267
637	337
619	137
322	449
498	484
960	978
916	263
268	815
259	154
460	899
141	874
795	455
57	416
76	124
581	371
460	193
29	192
162	520
792	441
644	527
484	355
960	799
225	964
344	958
20	681
393	878
391	635
830	740
238	274
523	830
554	854
265	695
328	786
690	572
512	348
69	880
164	456
774	885
177	954
419	829
855	108
970	380
918	748
41	541
159	127
666	996
380	909
753	735
293	355
378	179
338	251
195	910
363	969
610	511
388	166
841	343
621	434
925	525
670	416
428	826
367	177
858	485
331	591
684	383
339	407
309	400
910	954
798	167
130	420
652	973
325	852
539	946
317	252
943	835
711	103
816	369
611	412
783	831
216	108
387	884
48	117
876	451
465	441
462	563
91	851
493	912
710	378
399	963
91	1000
667	866
698	108
656	234
136	323
743	598
83	528
934	330
769	840
792	550
684	984
853	562
522	867
777	600
297	709
314	781
61	937
312	819
452	229
98	648
831	594
614	964
730	821
419	470
186	267
731	292
856	471
581	435
74	497
669	659
888	134
569	293
254	718
808	114
46	963
428	518
886	867
727	606
423	528
973	570
696	988
370	589
104	599
926	546
377	816
75	969
754	769
275	754
672	703
354	967
948	883
888	700
198	583
332	637
927	850
181	501
901	733
189	405
91	142
249	881
136	221
823	818
813	214
208	770
205	662
777	394
216	836
979	321
155	167
977	228
118	109
643	159
591	721
727	573
82	943
655	511
265	124
529	876
643	179
298	941
519	774
924	995
283	197
774	698
438	639
266	460
444	357
30	308
245	879
7	604
463	583
681	963
92	229
280	652
718	998
872	303
771	145
803	327
229	472
145	676
293	316
933	456
443	986
387	802
298	386
562	565
263	767
634	526
125	119
900	489
478	684
666	545
177	790
510	990
596	389
197	779
113	812
860	266
754	238
677	977
28	318
271	319
375	540
914	834
432	542
411	284
308	103
491	847
685	873
213	447
264	541
301	769
549	112
526	335
502	665
540	950
105	402
254	802
957	132
352	603
333	338
682	186
367	289
380	672
990	384
487	698
592	876
352	247
427	909
8	348
767	246
147	692
163	236
675	603
558	578
228	635
12	112
923	514
720	632
482	625
384	460
131	257
648	912
958	654
722	231
147	569
346	583
375	485
561	147
216	441
154	820
413	995
900	803
359	733
302	175
620	151
616	357
762	727
370	805
524	967
380	147
171	260
247	681
291	934
627	631
383	806
545	791
83	176
720	594
443	833
41	718
572	103
640	266
524	165
933	856
768	147
15	665
211	867
716	968
528	978
692	664
361	139
799	123
381	280
480	993
656	118
271	389
159	208
390	445
227	130
759	828
538	753
829	921
611	380
397	604
990	721
277	627
864	989
42	876
137	258
497	707
854	697
363	808
508	976
653	307
635	907
289	252
459	475
146	472
567	631
23	580
902	842
153	269
27	500
481	436
524	582
253	322
983	387
912	341
204	867
937	263
421	521
831	632
359	549
845	798
409	476
551	914
243	580
164	719
607	430
791	823
509	214
517	403
437	837
857	716
547	489
875	956
383	330
819	567
526	658
778	339
443	302
813	774
244	749
371	364
282	593
411	756
277	177
271	803
449	361
628	410
781	543
759	241
86	588
257	369
294	200
968	814
359	714
919	104
756	400
483	671
198	676
413	138
929	947
697	652
667	242
417	879
666	935
191	196
719	274
579	891
785	626
756	448
842	855
492	438
515	997
947	815
776	907
811	581
211	836
562	392
95	898
975	530
319	599
91	436
210	792
959	478
256	927
304	205
685	399
707	934
237	395
731	467
159	901
828	628
480	465
220	516
105	425
322	400
939	164
824	912
699	509
222	481
384	995
37	207
389	501
657	800
746	264
402	200
421	445
13	106
230	161
613	928
103	499
620	628
384	549
636	307
659	752
922	131
620	360
444	772
927	466
470	338
187	316
651	600
599	549
224	975
415	381
801	660
780	450
682	608
640	155
806	123
687	839
400	256
569	952
599	544
778	725
977	422
934	567
945	158
658	429
196	563
213	237
374	490
324	514
170	137
392	562
283	886
707	279
718	273
840	369
682	148
712	734
377	881
406	145
597	239
697	575
733	885
593	642
245	891
369	516
489	328
909	992
15	517
662	228
539	106
73	986
389	143
157	964
392	208
120	521
423	835
324	597
797	806
309	284
454	669
214	381
24	217
603	839
995	884
351	153
845	458
194	372
811	187
164	473
844	842
519	498
268	402
708	578
970	678
99	911
641	102
913	398
652	635
71	128
517	716
6	280
288	678
779	749
548	552
321	299
420	587
22	610
267	913
798	161
531	514
817	389
887	861
418	122
237	367
574	990
705	593
612	782
36	424
887	238
343	866
418	349
185	165
38	727
257	685
445	758
136	360
436	591
825	296
924	874
387	534
84	912
625	518
323	215
358	815
168	452
98	246
840	687
840	677
556	959
881	473
494	993
235	746
486	687
212	412
144	112
519	671
183	885
380	178
574	132
252	710
939	271
551	821
198	645
328	501
383	808
629	446
567	663
429	724
151	963
446	880
391	254
629	112
883	437
123	669
621	395
77	119
716	842
695	993
832	846
787	179
614	929
696	208
962	383
550	673
925	603
743	434
842	153
386	597
364	982
246	197
127	105
786	855
336	512
985	425
819	728
935	475
771	359
202	380
207	950
382	380
709	182
43	630
957	615
797	838
167	207
675	650
10	831
282	560
514	903
952	955
469	718
240	180
545	400
677	924
84	944
413	738
334	589
107	645
937	373
807	976
2	701
700	356
914	132
249	641
290	604
711	368
149	203
678	167
546	938
202	812
435	590
448	703
601	878
747	963
281	232
178	606
113	694
329	609
343	937
242	525
855	719
856	710
693	188
932	142
818	979
611	803
374	500
402	146
989	726
847	365
472	315
965	663
170	821
834	861
411	170
528	437
675	297
900	139
434	593
642	289
951	177
605	551
50	638
566	337
875	338
554	297
177	688
374	350
836	148
2	645
675	154
392	415
742	452
633	486
285	866
304	587
972	293
314	617
739	142
553	778
528	639
761	888
974	673
680	280
272	560
320	884
99	933
213	261
312	396
398	117
476	965
600	893
396	940
765	522
159	574
337	526
1	826
593	880
131	946
963	217
63	490
803	371
524	560
343	707
163	401
695	496
447	802
709	185
249	595
647	164
903	593
760	222
630	304
426	986
985	713
792	132
372	533
190	503
307	984
411	463
988	858
504	818
234	331
454	511
166	363
305	920
902	688
734	487
776	565
750	390
361	144
407	357
375	561
492	500
495	548
897	871
305	646
126	152
332	947
777	663
343	986
50	931
937	244
419	344
844	412
437	647
631	343
660	197
606	194
303	210
147	727
558	720
425	583
504	685
355	665
424	207
356	125
791	185
477	194
282	362
479	317
695	185
577	532
625	288
611	242
59	131
794	434
27	704
254	101
733	124
501	581
89	556
9	489
880	765
279	804
775	884
793	366
525	208
505	888
40	197
757	409
925	354
417	654
532	722
784	835
903	278
735	404
766	489
985	560
689	165
345	915
315	496
501	842
747	570
523	658
541	391
896	203
513	795
734	156
419	433
109	808
635	836
843	191
341	271
445	168
676	388
995	775
234	136
192	400
779	993
300	458
505	434
747	139
707	192
140	427
652	753
394	267
923	164
661	879
309	255
493	494
775	234
455	789
776	725
989	706
954	712
522	178
633	209
104	445
50	728
189	606
917	847
505	888
630	940
97	145
4	534
28	599
432	555
360	754
809	509
758	522
499	832
758	428
438	742
551	163
629	302
287	805
298	132
270	766
696	288
808	427
618	404
881	811
178	817
900	773
46	587
788	807
756	616
624	998
508	770
377	700
312	442
684	921
415	570
77	448
582	950
46	139
754	201
449	316
784	670
379	391
254	830
499	949
245	650
870	908
564	515
736	583
83	800
455	311
894	170
990	787
739	147
901	367
850	357
838	711
401	206
341	456
453	203
801	315
304	705
528	245
756	552
837	756
505	820
131	940
914	850
154	110
761	739
186	987
948	152
128	155
907	876
272	631
192	429
26	525
610	576
917	112
458	752
121	179
102	641
372	268
681	129
575	288
395	713
211	759
601	257
416	890
161	631
343	952
818	240
542	524
604	997
434	452
786	309
375	983
849	172
883	231
638	951
857	267
912	918
992	492
249	442
755	165
543	126
82	954
776	499
166	662
225	911
677	183
667	656
80	504
779	244
157	858
157	899
207	123
761	762
943	186
146	392
723	142
894	122
680	361
574	391
773	265
664	396
993	957
784	501
469	975
233	898
842	413
794	906
366	944
98	698
930	899
29	513
230	279
310	664
868	567
993	341
871	745
482	419
201	379
649	352
754	771
547	238
959	997
263	126
34	161
401	289
642	528
965	266
711	127
212	699
926	161
620	419
438	868
236	857
805	147
963	707
663	189
606	568
902	216
778	705
403	963
343	974
658	581
835	577
109	848
68	975
298	768
390	869
459	432
536	710
19	775
546	266
143	920
30	936
154	364
288	240
504	820
738	985
956	194
39	607
387	296
426	223
818	760
61	717
495	225
454	861
632	247
570	582
210	905
454	775
212	364
548	693
757	814
34	643
728	729
924	136
628	213
853	899
532	594
404	919
774	380
214	634
956	658
9	258
952	249
132	836
959	452
468	290
517	104
236	727
632	957
706	926
99	400
85	699
485	900
510	377
322	502
836	793
573	668
390	289
485	607
682	256
109	901
429	730
152	712
454	508
430	922
466	384
485	651
88	448
95	306
588	839
460	207
841	420
250	801
194	726
753	731
94	632
540	405
427	513
772	205
814	856
939	399
162	861
961	375
934	505
294	808
452	951
397	215
222	167
211	376
550	646
399	618
34	995
773	909
269	955
769	440
909	746
440	990
958	132
806	199
567	983
420	651
840	627
468	901
734	771
663	160
198	287
644	140
884	617
278	200
403	453
55	366
68	811
935	615
717	575
821	869
828	642
411	759
217	509
687	292
740	309
838	714
727	228
966	835
431	998
249	980
856	899
25	615
894	552
530	253
105	238
175	875
144	569
549	111
389	605
781	226
484	507
914	597
885	731
566	722
988	817
801	642
233	794
147	833
780	293
217	340
946	779
542	305
548	100
556	615
702	800
30	412
259	281
504	818
143	555
902	565
461	187
362	378
695	414
554	983
354	603
902	252
39	935
799	888
767	891
665	512
752	838
442	289
827	840
507	410
316	522
192	190
227	940
23	860
99	465
938	995
888	435
859	305
204	714
787	123
34	278
569	818
900	515
990	356
944	806
843	821
163	646
79	193
670	582
314	386
886	524
793	386
548	202
360	159
776	788
853	162
265	383
746	289
766	193
303	386
209	851
332	803
874	216
665	968
833	669
443	131
34	258
981	925
294	706
161	570
583	165
381	658
653	241
745	869
155	405
69	985
382	223
767	865
856	133
518	125
349	159
943	367
855	955
862	178
413	840
588	421
437	525
123	271
508	488
57	222
159	898
57	510
501	545
705	448
130	452
35	820
188	874
915	640
371	655
342	465
755	708
153	752
342	484
702	810
554	191
428	285
125	317
782	201
137	921
135	785
734	249
190	958
389	589
303	232
467	971
886	851
378	132
367	472
449	249
729	135
395	283
3	710
547	321
947	705
259	561
756	144
223	918
463	304
870	962
145	277
881	381
752	412
985	635
155	764
745	869
152	164
310	520
918	533
169	381
305	366
336	280
732	565
207	435
920	966
428	738
190	646
634	831
688	939
232	797
35	362
318	603
586	908
293	636
422	510
954	368
952	498
811	497
790	824
134	989
735	839
434	562
757	578
500	669
790	803
571	617
839	346
462	442
357	874
818	535
30	879
854	818
310	507
215	111
175	848
821	922
785	439
905	822
256	688
476	372
428	830
634	681
401	329
210	840
670	352
229	535
101	633
301	753
790	802
185	740
663	247
872	456
406	225
74	442
683	488
347	428
102	428
354	896
12	486
941	277
903	742
193	803
437	625
323	555
738	413
878	965
489	891
928	437
400	954
101	145
855	364
476	114
755	387
97	398
459	978
553	409
559	692
903	873
682	894
105	574
556	467
394	600
230	435
584	495
767	265
182	346
257	133
30	978
173	676
317	108
299	374
945	947
489	657
39	986
855	547
627	443
909	304
216	343
103	456
412	575
325	578
589	444
734	992
97	301
913	279
72	701
18	754
402	851
185	489
429	679
574	109
341	662
435	627
829	830
151	653
291	750
907	925
100	290
414	561
462	427
931	395
802	486
32	464
615	265
224	987
807	867
358	698
995	527
889	117
388	294
893	222
429	488
867	785
387	231
755	836
107	603
805	810
690	413
750	625
340	604
206	319
38	565
360	521
475	397
218	729
308	731
150	985
291	641
154	545
306	700
843	456
107	135
99	866
282	865
651	575
137	390
207	176
453	434
427	105
618	475
439	693
18	648
513	655
13	390
670	903
31	726
568	740
35	421
260	326
4	202
464	210
543	585
754	704
996	124
578	132
647	769
347	302
22	850
358	756
537	954
192	144
725	658
67	800
153	850
337	620
533	575
100	765
548	895
683	518
451	928
220	188
433	385
725	991
351	841
569	164
789	906
115	388
405	418
525	951
812	852
375	827
270	564
869	942
525	885
701	101
668	623
603	566
591	494
794	372
812	416
436	886
245	330
840	794
234	903
694	198
288	578
590	159
921	572
386	402
767	109
564	848
959	964
466	706
294	828
436	903
499	433
462	404
35	591
654	826
173	893
986	820
563	987
1	320
766	814
193	191
758	799
643	292
129	640
903	483
714	631
428	710
286	401
795	807
828	431
312	323
882	377
361	153
130	566
356	649
625	776
146	798
716	333
759	990
734	539
594	550
409	119
735	840
402	581
36	344
711	450
331	660
87	479
619	799
342	735
227	223
145	418
45	956
102	689
249	989
326	734
661	183
142	116
88	376
378	109
427	280
322	110
888	892
189	691
411	882
135	399
918	686
852	257
102	312
883	781
739	401
140	499
984	357
172	183
60	757
479	154
801	775
537	842
552	631
189	232
719	685
613	370
714	615
190	578
906	872
390	282
495	910
493	720
169	948
698	779
772	270
19	904
700	284
187	604
537	392
583	558
939	770
775	373
231	762
17	103
672	794
114	370
775	421
506	494
332	535
205	179
240	695
943	373
856	772
928	167
504	756
757	473
229	981
288	325
454	204
242	190
569	425
435	168
643	748
458	260
675	830
323	892
676	858
485	747
903	675
953	959
856	566
341	525
540	437
528	565
84	337
707	772
454	874
61	600
928	579
838	276
739	763
103	523
685	302
130	714
529	685
32	199
640	634
114	473
560	309
239	464
52	167
544	941
44	326
624	332
483	565
366	636
998	994
825	733
677	863
775	284
727	898
801	805
289	997
810	432
508	576
305	300
493	493
420	988
165	855
303	1000
644	689
668	747
348	419
851	488
171	147
548	270
237	360
940	650
405	500
630	640
238	365
95	338
479	274
152	838
205	570
841	823
599	899
8	608
102	600
882	816
926	193
40	777
282	181
801	818
849	920
401	825
513	654
529	316
189	738
855	893
296	444
20	501
23	461
923	966
865	191
581	153
28	344
657	632
250	486
235	419
782	158
220	719
273	898
574	879
836	181
554	168
174	369
196	634
656	493
772	264
543	428
38	937
661	860
346	909
655	948
608	605
330	277
30	620
883	409
52	145
114	730
23	632
202	574
234	608
244	789
521	348
17	876
539	533
910	807
369	494
653	792
536	321
603	325
158	715
96	868
807	298
839	413
231	793
492	311
106	412
496	717
62	601
909	841
229	696
339	269
684	235
637	660
492	637
667	700
931	254
365	973
67	217
750	481
999	808
557	565
479	895
311	551
616	977
45	233
105	511
740	921
508	720
326	896
90	156
843	843
694	948
706	339
176	776
588	707
893	104
273	451
519	160
210	701
776	707
153	356
344	948
717	265
874	526
648	681
955	431
592	927
178	221
827	618
691	852
312	460
127	848
481	445
213	166
409	819
759	445
911	248
843	381
96	733
994	539
390	331
914	817
2	106
974	520
414	299
227	100
391	107
654	216
775	417
568	957
860	112
258	977
770	177
509	884
478	884
46	566
519	609
270	212
9	822
836	968
169	209
797	319
33	893
283	304
424	576
100	853
532	277
525	181
222	556
54	221
537	111
125	262
251	230
372	859
847	839
358	212
827	552
651	126
327	865
165	336
223	693
908	270
700	253
714	606
856	129
770	125
430	612
692	962
83	783
605	477
986	164
126	622
136	694
521	111
769	216
894	432
788	511
902	453
67	279
444	170
681	160
561	912
837	992
929	466
463	356
818	109
581	925
571	125
913	680
374	584
588	224
569	832
518	967
79	623
770	419
130	213
847	821
128	545
473	327
368	116
723	207
816	674
906	546
719	119
26	513
627	972
612	349
553	161
749	921
371	165
94	822
224	511
442	306
686	265
906	649
176	892
781	542
684	595
223	860
347	569
577	210
57	786
769	337
82	700
685	903
17	172
788	255
251	450
324	960
888	287
440	484
868	312
778	238
485	952
935	264
191	657
696	979
860	868
115	394
159	287
591	775
330	432
766	687
746	680
274	911
248	804
231	951
892	733
845	979
172	354
897	664
732	963
457	565
673	322
312	867
691	971
744	290
115	440
716	871
414	875
891	461
550	910
343	388
314	747
306	165
685	255
110	951
791	481
175	531
156	305
815	763
177	799
457	121
358	861
234	471
544	467
32	837
198	485
506	512
135	990
754	623
761	808
574	442
857	572
479	696
376	130
880	224
650	650
224	262
982	555
972	709
499	989
51	769
606	182
171	743
139	342
836	789
632	673
661	980
3	206
613	263
483	282
118	459
889	208
612	792
52	458
430	325
229	925
550	191
589	317
364	431
265	280
890	232
93	819
81	666
405	715
465	657
806	806
106	631
866	599
305	628
578	974
544	425
240	539
330	665
876	400
104	720
10	641
313	432
598	185
24	120
293	586
636	361
131	856
611	517
276	598
893	819
955	884
80	191
214	911
800	729
790	750
564	378
333	421
412	280
567	841
449	813
417	612
615	392
922	673
822	330
881	635
472	419
638	917
329	125
548	934
651	283
293	720
308	748
629	177
143	299
304	710
690	190
151	985
609	870
983	607
405	507
269	304
728	219
256	385
629	808
903	661
673	919
856	337
715	496
102	370
12	464
661	761
532	350
397	499
941	388
253	346
89	202
450	425
305	936
971	828
85	205
875	618
918	556
52	334
286	958
183	321
935	370
997	868
150	446
901	471
822	813
261	490
248	304
937	292
960	610
411	974
163	731
944	999
689	214
404	168
736	466
85	602
654	924
667	984
67	293
443	864
874	334
588	376
343	851
351	870
10	535
207	126
10	491
441	645
503	883
185	572
514	225
209	730
629	482
852	781
451	245
129	347
848	932
851	834
224	648
299	589
531	979
373	716
134	324
394	610
270	186
656	279
170	168
937	115
302	558
466	562
179	463
605	220
107	893
163	352
646	217
20	799
74	314
927	930
508	692
806	716
143	475
836	441
7	316
882	908
43	944
326	468
992	904
519	946
570	378
899	935
266	501
132	294
597	323
317	347
573	696
716	326
393	330
635	729
948	569
105	251
362	723
659	907
512	839
133	460
155	939
141	639
516	720
781	640
630	541
75	111
663	590
327	723
35	405
418	631
633	523
354	1000
674	168
347	675
221	429
541	792
44	698
211	178
75	253
855	199
820	673
74	321
22	844
630	952
495	312
5	607
923	513
236	410
959	243
976	389
864	742
878	674
4	144
400	806
774	771
698	940
98	224
99	747
370	640
496	943
700	657
197	473
791	625
74	171
506	237
934	473
491	225
621	727
295	444
763	744
143	141
460	156
915	342
415	372
811	366
326	186
400	547
86	771
860	659
719	482
712	262
691	153
606	302
621	253
742	304
829	883
581	964
542	109
993	620
387	328
948	457
968	217
449	907
698	169
710	386
770	713
824	979
542	474
1	158
741	661
931	396
91	810
414	261
975	551
63	889
246	724
34	551
798	830
830	899
90	926
30	753
512	100
66	392
369	183
674	413
945	107
428	164
137	600
530	323
538	496
412	971
387	522
575	860
182	816
107	260
82	450
615	549
117	243
950	486
654	677
855	720
167	856
689	462
749	249
613	249
666	947
980	257
124	502
948	126
237	191
633	602
813	132
592	865
265	916
725	281
835	887
859	865
641	484
857	439
905	621
56	857
247	299
700	449
959	685
997	831
303	232
944	526
970	825
464	152
282	747
209	850
572	327
594	478
545	664
844	245
731	299
131	124
82	223
292	185
847	281
148	818
660	477
323	139
578	530
241	696
673	592
502	742
786	743
153	704
942	581
148	392
89	604
587	308
399	595
142	404
106	436
229	737
189	928
260	878
798	278
287	397
424	107
562	559
42	289
26	552
125	863
62	651
575	239
724	698
9	125
273	714
731	399
90	315
348	297
528	691
398	837
979	593
861	658
86	445
476	529
166	675
514	941
709	722
881	123
274	872
272	719
287	965
678	391
241	941
536	478
77	133
533	876
97	151
473	474
263	192
526	138
950	903
448	749
505	703
729	560
743	922
956	472
636	355
254	866
346	462
65	419
414	168
7	243
205	330
213	552
249	571
572	614
615	507
92	967
857	170
896	290
482	138
613	237
872	168
951	743
31	333
772	408
729	660
924	587
941	901
65	391
230	596
448	433
163	151
41	341
804	572
952	678
899	548
635	532
226	258
432	353
893	263
171	798
78	510
524	754
245	459
943	415
541	210
598	891
741	815
293	150
528	847
832	609
779	875
888	564
334	890
396	243
727	548
709	994
432	610
162	373
473	499
687	933
214	366
630	289
669	689
117	585
624	472
745	752
84	478
1	219
275	547
997	913
455	415
706	649
93	700
735	470
214	138
334	671
588	728
683	681
611	356
916	379
285	303
507	855
44	702
950	367
531	531
975	650
197	186
748	133
773	731
47	526
35	570
292	103
524	423
441	743
199	515
55	941
248	568
370	350
852	936
516	637
612	489
12	142
759	489
893	990
549	939
873	355
852	431
557	869
619	957
41	261
464	932
238	457
808	348
629	743
434	433
137	816
37	294
900	127
677	825
56	164
758	466
407	104
517	919
212	425
507	193
840	696
631	223
224	882
467	490
933	557
851	791
605	901
301	817
657	177
950	476
521	950
443	868
703	185
804	546
697	372
298	832
489	914
959	633
793	684
129	176
440	980
771	636
219	768
561	396
642	146
811	741
989	605
705	332
572	365
102	212
419	874
222	407
970	992
551	607
115	457
439	969
462	625
32	576
703	203
338	368
641	777
316	320
647	260
993	382
649	508
395	691
208	489
926	467
832	513
763	643
750	982
87	884
506	665
710	527
689	755
565	196
338	507
240	307
562	854
77	612
769	975
277	672
838	102
542	618
290	565
76	599
709	374
948	596
873	579
621	344
65	561
193	731
913	750
306	797
331	590
520	215
961	883
532	365
890	556
127	546
256	724
238	817
471	696
522	671
364	821
837	858
431	724
94	696
900	772
110	779
294	391
725	276
361	798
477	450
706	962
600	308
786	794
548	629
41	938
87	283
696	449
944	263
426	315
71	519
562	189
850	936
533	576
640	232
662	874
948	661
831	248
845	334
850	868
836	794
247	537
200	746
735	436
569	136
113	168
797	881
185	747
241	296
833	733
738	310
362	131
841	440
324	252
682	488
367	706
990	725
660	223
332	565
581	335
806	341
563	445
184	575
567	814
96	786
664	156
204	743
755	155
710	574
895	332
480	876
702	415
601	713
19	688
216	684
296	560
588	556
431	357
674	259
756	890
464	755
978	350
848	953
264	350
673	515
490	873
564	385
340	644
645	899
42	212
441	906
760	320
39	870
587	146
141	249
474	814
113	295
794	499
245	103
878	226
300	201
64	299
84	872
786	330
754	310
227	220
685	690
677	991
66	859
327	428
35	391
843	170
624	829
529	937
333	550
911	742
910	296
831	229
515	724
767	637
151	107
214	863
983	383
427	801
37	734
243	988
698	969
647	627
281	213
119	217
993	143
300	675
170	596
166	934
691	240
559	868
246	107
905	404
688	233
809	609
188	439
766	132
679	557
943	687
397	610
534	546
830	856
847	481
299	943
895	512
94	839
624	108
234	806
95	762
505	901
955	996
917	840
23	591
631	389
93	526
227	477
494	391
59	867
881	273
191	318
732	619
56	676
209	220
970	350
185	901
589	413
965	375
35	256
538	599
295	244
695	151
311	186
510	769
315	936
220	181
745	902
245	331
956	879
178	200
604	952
543	726
895	247
603	771
154	425
565	925
598	617
645	348
197	899
22	661
610	609
69	522
576	754
662	670
677	413
568	314
437	191
55	918
847	620
150	351
976	232
449	299
934	478
808	103
830	362
287	1000
783	225
434	275
307	356
274	814
244	607
634	513
999	453
446	317
402	674
767	480
624	874
656	547
678	872
62	157
77	473
706	347
979	709
989	740
374	950
848	796
332	422
539	434
854	258
952	622
87	531
23	572
484	812
81	893
195	176
77	448
24	741
32	844
561	812
60	393
867	312
254	881
360	412
834	887
220	319
66	594
107	292
615	612
318	949
744	284
382	456
108	703
611	443
465	431
823	497
572	817
995	995
608	364
126	841
117	969
394	363
229	292
816	415
132	698
255	349
173	486
386	243
756	746
841	975
19	195
522	664
167	204
43	702
115	651
799	995
551	548
373	359
45	597
185	570
24	241
851	207
181	694
815	249
886	678
614	558
347	232
966	556
198	986
691	890
564	316
987	717
130	372
844	574
299	194
49	331
476	928
155	207
593	164
900	493
895	635
414	947
978	927
866	131
652	589
621	260
206	431
192	745
159	268
481	358
314	134
618	452
985	580
627	425
614	455
730	901
484	231
919	125
199	504
489	139
131	766
980	779
978	786
905	580
333	179
165	943
778	616
331	493
818	134
765	575
955	605
448	235
704	743
945	269
238	992
205	144
179	115
547	127
370	698
802	389
794	175
936	390
476	929
225	377
122	894
159	977
410	586
894	983
705	188
907	392
52	591
988	259
813	919
298	865
72	414
867	808
193	218
430	500
484	359
472	868
934	315
659	766
287	965
93	680
918	267
215	811
143	760
510	191
330	241
914	719
857	312
210	814
650	545
417	913
409	742
559	356
442	741
886	609
445	245
605	188
326	227
870	901
164	579
979	191
94	786
346	281
154	516
421	362
105	420
981	687
522	113
438	815
616	957
214	617
110	105
555	466
325	552
253	713
608	695
959	654
254	747
688	513
263	580
104	222
416	997
569	461
862	481
207	625
299	962
889	319
698	941
557	900
971	851
751	898
79	909
15	585
319	702
509	446
536	906
894	408
971	921
339	933
103	942
662	333
502	749
29	104
124	119
386	814
109	564
427	131
251	222
964	176
604	573
342	739
269	591
967	613
239	256
594	752
858	698
510	128
826	830
449	157
683	401
170	948
882	505
465	551
542	201
952	705
328	289
885	304
418	211
339	798
109	884
21	994
199	127
633	470
270	570
211	546
769	489
987	906
629	225
326	336
884	329
432	429
153	938
682	578
248	236
605	511
61	802
564	938
953	822
958	654
212	995
805	146
985	649
24	849
963	892
25	306
35	533
76	816
61	768
437	819
999	743
153	608
552	207
323	618
644	866
142	923
997	707
413	763
578	274
211	295
777	938
842	870
345	467
331	996
753	1000
212	120
119	685
532	932
23	355
375	930
324	687
729	910
273	821
586	771
33	467
459	354
678	759
981	339
733	640
446	773
905	827
67	259
323	424
65	758
919	869
360	736
590	631
167	538
252	600
901	781
142	826
81	665
882	933
835	641
658	408
302	195
589	570
498	474
739	425
468	928
936	477
964	319
184	756
622	400
233	257
74	358
566	418
276	609
973	898
714	896
737	256
742	735
65	848
612	215
459	795
357	479
988	672
58	153
127	718
758	243
310	760
893	440
194	522
99	770
491	403
613	403
137	510
476	753
362	666
724	616
799	941
830	892
416	164
823	814
471	711
449	833
428	133
802	308
729	519
655	521
9	915
103	634
825	560
321	516
467	387
96	949
462	839
271	299
334	111
171	569
259	159
446	867
699	640
34	404
470	362
942	341
478	658
311	777
141	595
941	957
845	801
682	465
727	267
104	134
40	905
977	994
287	957
175	825
50	710
982	943
463	275
704	240
2	437
795	721
184	197
536	293
802	460
565	189
862	166
861	118
585	403
476	418
363	876
859	239
236	514
830	111
691	782
85	147
48	445
595	235
501	514
311	528
414	836
650	848
328	165
776	347
523	282
887	116
219	330
935	577
714	330
977	788
129	123
836	713
195	911
141	234
246	616
251	451
752	100
747	160
289	135
829	800
951	299
610	115
986	993
71	129
472	103
661	550
448	546
309	710
857	398
760	903
281	743
447	962
973	542
884	741
970	248
350	941
810	683
431	373
211	914
342	1000
817	570
752	524
856	843
543	299
296	754
997	428
734	775
506	339
14	436
642	115
428	288
305	940
627	436
877	761
191	547
467	858
775	526
991	298
215	911
688	628
979	293
480	379
973	408
274	687
201	131
614	167
479	464
696	970
665	101
140	991
268	959
960	750
515	483
771	927
211	375
348	581
577	670
642	932
190	484
523	877
478	774
456	391
797	307
797	458
687	498
518	138
326	891
915	249
931	213
702	805
350	611
566	429
690	506
14	522
556	892
210	933
360	485
590	250
462	758
912	654
31	130
492	446
447	955
601	169
317	313
831	228
362	276
312	657
673	828
458	812
422	933
317	966
524	972
738	743
245	518
884	611
198	627
413	641
130	296
611	897
931	146
966	322
143	876
321	479
19	217
448	373
957	548
76	566
618	298
243	172
846	977
622	488
158	357
101	879
438	803
146	276
557	377
470	935
434	266
395	974
94	343
940	972
931	364
771	745
536	653
941	273
946	270
261	491
199	190
295	444
459	932
191	485
748	853
115	771
909	351
206	637
462	436
278	868
604	285
308	421
264	357
167	191
500	610
138	389
87	881
821	608
728	875
181	473
576	551
776	577
894	503
97	245
541	624
526	651
469	625
245	781
75	799
484	350
739	310
28	678
663	154
158	407
654	132
86	300
11	584
464	189
350	774
679	318
835	240
562	236
419	310
141	591
266	137
714	260
213	813
806	458
793	627
339	538
384	120
523	815
770	412
320	439
720	639
491	537
380	109
440	599
147	983
88	577
357	703
840	923
689	564
267	917
587	804
696	491
122	749
20	739
715	435
74	493
520	978
520	270
30	391
240	349
86	751
671	682
407	535
162	908
279	760
9	919
118	560
563	622
323	771
664	122
898	275
292	887
926	296
279	223
877	719
417	709
871	280
468	494
878	509
697	828
840	117
130	477
531	381
465	549
195	690
219	139
280	884
157	105
865	695
585	424
204	809
495	506
395	732
270	412
946	206
436	721
510	280
299	900
932	459
811	742
532	321
634	673
993	807
786	190
371	501
687	732
621	876
410	634
919	280
44	972
859	127
17	205
466	445
68	199
931	652
580	914
259	433
464	113
782	253
409	786
250	581
803	527
365	795
33	420
313	565
129	642
627	227
939	678
666	731
8	908
314	428
454	162
116	619
365	821
999	433
601	601
863	956
684	331
260	597
675	449
573	973
355	790
382	308
916	723
333	684
684	119
147	773
974	956
364	404
206	995
106	397
727	454
275	263
991	422
983	847
675	415
357	992
719	614
188	683
945	305
147	960
522	305
537	775
394	107
523	403
534	603
341	549
965	703
263	468
71	792
963	504
528	937
132	740
109	587
639	472
806	901
117	958
323	304
13	269
524	420
425	658
831	468
450	182
942	350
450	553
309	155
230	840
722	215
896	562
496	891
529	904
803	202
251	603
576	153
329	190
851	490
833	436
684	519
211	243
941	824
373	161
290	421
415	884
303	495
629	855
153	977
940	687
607	862
243	222
940	486
194	596
719	464
774	461
229	284
307	552
631	995
382	809
203	163
112	466
803	393
729	354
198	625
520	841
311	469
413	419
354	248
884	352
60	837
83	437
775	728
529	956
769	128
482	482
349	453
559	360
212	753
792	984
170	434
294	481
485	382
482	703
444	901
457	277
815	841
498	202
569	303
895	183
703	532
436	342
953	355
20	470
950	388
340	968
412	914
749	414
176	726
883	593
686	321
770	761
35	136
756	416
283	942
378	727
127	279
436	106
409	264
220	364
604	859
118	175
30	795
913	972
283	250
705	321
702	183
267	324
596	703
594	717
700	145
912	857
653	215
36	774
166	575
305	628
895	297
743	578
541	807
154	755
413	572
103	654
360	510
715	137
61	899
289	313
80	258
849	103
426	446
506	600
673	648
57	329
438	461
352	724
338	613
603	608
403	128
278	981
47	743
366	721
173	281
738	566
895	694
312	303
763	548
195	860
776	527
689	644
899	480
499	662
980	671
979	835
22	156
697	718
816	187
39	178
490	804
346	758
458	510
352	419
821	926
760	815
758	126
849	141
230	848
237	197
33	426
627	393
39	773
720	347
568	380
355	894
505	802
699	979
711	613
830	794
584	402
282	799
292	433
556	576
36	474
836	711
858	647
226	925
246	973
500	965
517	680
506	726
505	555
235	777
939	618
499	347
974	881
722	928
589	976
518	513
366	592
137	203
640	462
543	964
518	686
373	580
763	779
734	548
143	766
88	109
375	859
939	783
159	841
536	792
232	299
363	134
395	265
684	600
569	395
215	131
889	546
139	539
256	521
807	334
623	788
868	141
905	719
587	293
264	956
202	554
906	791
55	867
688	775
624	893
43	206
40	363
771	202
228	925
537	746
507	622
380	528
130	506
595	944
923	256
490	518
832	753
620	403
136	268
867	715
282	379
203	516
505	517
984	278
640	320
822	101
247	126
795	477
430	396
674	198
526	852
507	343
912	864
934	570
243	771
249	229
481	195
18	679
810	226
525	880
708	106
48	197
156	374
485	718
922	251
475	719
122	117
550	349
255	828
109	581
429	231
7	620
428	713
648	117
163	705
447	676
916	168
999	290
405	170
19	275
88	602
806	389
198	210
737	741
686	464
813	287
569	383
439	704
176	222
568	909
444	471
441	127
719	392
462	455
465	256
523	811
345	327
952	217
2	690
758	227
942	956
867	181
166	418
512	934
718	467
452	634
293	317
19	202
995	441
95	712
696	117
758	649
500	399
179	814
547	773
874	880
1	436
171	480
700	110
607	142
11	899
450	683
650	997
2	955
701	310
98	151
455	590
511	409
833	713
893	180
390	505
120	756
90	122
856	791
953	600
424	167
578	321
125	480
212	565
331	715
764	385
963	480
579	220
604	537
310	198
92	362
16	272
849	558
916	971
849	535
91	838
41	982
872	236
258	369
956	667
391	630
75	602
771	314
512	944
450	637
934	181
409	211
228	727
28	692
81	369
553	777
851	252
51	549
19	366
600	635
688	719
697	485
326	935
786	146
191	404
761	923
901	614
878	1000
501	722
844	747
143	877
987	120
249	765
820	913
723	620
231	871
473	795
930	408
280	203
284	464
443	437
551	900
469	683
967	1000
102	737
159	901
334	431
836	741
132	689
967	972
700	963
403	841
581	925
949	464
876	212
969	846
104	173
140	349
987	899
791	806
672	654
344	475
819	525
338	408
254	456
945	558
446	360
272	624
367	666
158	805
405	546
755	469
955	691
451	505
746	572
240	630
351	600
919	229
681	283
101	687
303	146
17	433
698	677
520	644
474	937
288	820
446	530
540	318
527	185
299	485
215	692
801	942
400	767
649	456
436	396
884	517
503	276
142	309
54	540
100	670
577	822
675	284
832	178
7	985
56	335
217	606
518	675
456	936
735	536
166	933
845	674
666	884
94	360
136	950
998	291
559	158
466	364
446	890
453	342
499	612
39	923
387	131
680	911
341	711
763	482
398	373
586	282
637	847
845	718
436	951
91	704
741	258
797	176
54	955
663	543
807	928
244	733
166	106
645	374
13	464
205	524
853	991
110	783
657	921
834	908
119	926
980	336
399	884
880	178
394	302
241	570
740	698
500	390
496	104
941	614
340	597
625	246
457	189
802	909
434	253
996	871
263	945
847	285
865	405
851	240
82	484
857	566
833	221
786	621
422	960
364	562
177	186
351	649
7	713
165	354
122	906
872	624
336	769
958	948
344	299
168	175
529	737
717	957
825	312
119	394
677	139
805	557
898	266
66	227
190	241
793	667
862	934
888	474
126	432
588	620
281	452
17	177
430	205
685	618
942	911
962	645
979	258
486	288
977	289
442	215
59	866
167	406
755	837
691	252
848	168
527	195
883	654
546	129
67	808
320	462
616	200
490	112
740	917
463	445
684	405
789	641
294	376
876	905
477	940
89	625
627	770
890	698
347	119
674	943
728	568
7	562
318	428
461	643
579	185
996	423
632	276
640	290
611	109
766	870
355	785
640	946
879	633
320	184
713	585
704	850
806	443
766	285
54	379
510	975
130	839
733	223
105	393
254	381
243	466
974	846
775	241
887	193
653	356
77	787
733	476
256	285
78	586
202	330
853	621
65	711
486	930
28	964
615	968
356	617
766	230
550	207
737	291
967	517
848	934
254	888
510	671
605	966
591	774
262	232
363	253
863	488
573	430
870	846
284	530
92	772
500	363
2	681
458	424
255	738
329	402
217	474
790	675
247	513
953	944
534	101
218	239
372	594
385	632
960	464
696	126
902	413
317	831
192	544
413	196
927	383
550	245
495	726
984	336
382	349
808	132
316	878
552	576
539	300
52	890
871	454
197	468
977	331
259	568
220	474
94	638
170	472
525	221
379	407
595	472
448	334
664	379
624	132
304	284
994	494
948	740
497	448
586	557
932	653
925	655
100	557
100	771
806	228
877	695
55	683
230	538
980	765
509	418
552	834
164	912
771	991
460	502
762	916
400	417
765	657
459	747
810	920
27	156
465	366
345	928
216	354
456	418
51	239
580	484
883	947
103	139
619	559
103	726
761	720
513	522
291	388
202	353
145	676
776	742
977	412
493	432
80	395
670	261
644	439
193	543
350	581
11	840
495	387
721	971
979	309
388	843
969	804
722	946
637	248
970	705
789	786
454	863
226	662
568	362
633	883
498	740
868	834
705	387
238	679
407	752
104	977
351	447
572	352
354	139
285	562
240	538
338	582
313	248
882	650
965	446
626	130
96	582
365	451
922	459
35	734
505	935
772	443
319	291
389	268
31	695
122	410
829	284
535	305
577	830
407	614
927	437
723	302
758	243
753	673
860	515
170	832
606	513
60	334
289	959
958	747
468	219
144	965
136	828
105	214
948	829
661	955
287	548
478	174
361	342
248	730
378	621
914	347
699	420
428	589
573	754
696	548
972	271
488	100
182	999
123	114
606	149
16	700
274	539
390	144
781	406
482	364
832	363
133	357
39	827
403	374
726	232
605	244
711	293
532	859
18	917
891	186
549	691
407	233
230	786
356	469
417	764
734	742
982	685
199	924
229	957
980	739
856	109
108	345
408	763
379	838
905	140
507	313
158	658
804	681
599	388
301	500
702	336
239	732
192	879
316	526
924	772
781	225
231	667
513	528
287	601
126	262
226	508
534	828
756	735
67	567
623	831
120	591
444	816
778	576
862	111
869	859
884	182
897	387
649	543
112	343
162	629
910	446
769	127
605	397
569	369
557	588
872	652
966	901
879	179
449	823
681	766
520	822
259	454
948	945
433	827
891	559
779	563
216	398
611	537
945	413
831	869
75	109
336	158
87	832
564	962
705	276
407	382
986	630
795	535
591	706
225	929
493	413
519	975
203	784
544	104
194	738
831	259
902	420
421	214
264	173
273	450
835	427
890	189
658	461
688	911
282	203
702	313
910	982
324	128
463	980
553	872
121	379
975	562
703	370
928	716
516	546
145	653
306	194
182	956
266	619
210	768
685	120
5	744
473	100
422	724
309	928
665	872
882	733
157	984
590	286
962	576
763	467
425	432
843	684
246	324
195	348
686	548
880	285
977	956
396	528
571	580
465	863
227	678
712	619
231	958
646	739
259	641
464	250
400	530
85	321
374	384
385	140
788	223
841	895
788	507
652	296
798	679
267	757
798	191
308	883
544	853
180	523
552	149
628	143
864	127
830	314
389	696
158	848
925	205
394	738
282	390
493	124
477	627
580	608
352	333
639	401
514	413
414	578
577	323
583	156
255	551
776	320
668	494
623	193
659	524
208	432
157	438
495	132
67	732
95	521
600	659
267	212
793	812
231	588
136	458
655	590
924	241
757	305
369	736
772	668
181	905
608	466
602	550
249	475
831	309
737	710
328	300
554	989
990	920
634	294
227	315
181	820
544	537
716	656
301	164
531	269
675	797
276	629
752	274
500	473
833	454
431	667
691	718
948	966
828	603
315	469
503	800
515	567
28	733
709	572
151	183
899	721
122	669
756	541
416	835
994	586
49	824
471	840
988	797
337	199
364	235
985	939
907	328
204	530
389	307
106	360
483	101
756	797
998	948
228	204
605	980
483	653
879	616
634	681
531	110
208	301
269	792
308	438
939	454
684	397
473	488
113	824
499	594
966	948
349	256
807	804
271	826
7	976
196	511
758	366
943	877
482	278
656	967
144	298
219	880
286	327
700	907
529	1000
194	751
229	826
128	523
659	586
740	155
251	635
965	522
122	779
77	557
151	358
187	832
749	984
304	272
77	148
187	696
766	254
566	672
656	477
859	598
59	899
435	541
383	578
232	973
4	931
823	949
428	799
25	827
352	858
795	354
222	284
268	931
715	816
103	113
168	895
584	428
948	128
772	245
20	254
431	904
500	131
630	280
99	451
754	643
589	747
454	420
919	697
782	881
826	580
47	567
637	464
822	807
254	815
701	967
926	276
606	474
805	327
373	155
117	708
184	995
366	418
908	897
373	263
993	358
439	694
590	996
500	838
133	885
86	832
523	586
953	868
81	432
23	841
527	969
85	547
41	861
709	541
225	211
906	842
194	457
859	203
66	502
703	488
804	639
366	296
423	106
613	333
528	792
380	323
413	371
205	637
582	752
515	165
824	465
973	771
17	140
523	858
58	311
807	295
868	116
199	662
142	442
231	740
853	777
155	985
251	617
324	204
407	508
771	989
918	748
716	762
21	834
839	266
713	987
691	861
151	694
551	865
865	609
133	817
209	418
409	456
707	993
651	207
996	731
538	872
296	171
991	568
34	275
4	886
17	949
858	232
781	705
78	747
572	453
777	599
455	322
149	110
924	810
418	295
803	242
315	290
914	212
839	870
330	429
561	884
440	987
3	166
666	460
149	959
538	833
399	641
966	264
382	517
217	165
574	356
40	619
744	885
923	581
718	530
227	101
961	174
739	784
139	765
400	312
497	887
659	655
56	694
582	291
201	104
502	393
413	516
672	458
570	204
443	483
91	433
684	300
875	285
301	767
365	228
493	519
785	229
837	173
31	518
867	446
543	260
446	675
309	633
155	661
387	256
702	707
454	719
625	716
724	805
298	331
850	329
266	843
732	230
408	864
60	945
641	180
349	852
957	272
282	665
551	292
863	359
717	899
942	826
796	400
871	816
61	257
437	170
722	371
14	364
724	228
699	280
382	178
272	915
875	767
173	442
901	942
505	543
705	164
743	383
68	300
978	961
111	825
533	906
139	601
640	553
686	547
243	789
419	354
82	807
680	887
795	788
32	506
123	644
956	379
459	537
82	256
533	131
994	791
806	715
194	601
7	752
11	871
363	755
956	902
411	877
64	428
390	504
994	583
644	463
588	821
758	638
155	941
292	335
735	792
584	854
84	788
437	542
904	697
484	196
984	648
550	890
112	200
665	176
105	596
999	509
967	321
27	761
406	342
503	743
831	674
461	867
700	990
383	260
810	287
41	891
593	199
709	668
146	518
909	450
843	740
511	812
781	831
507	698
779	965
546	990
300	180
718	188
49	219
687	688
673	258
562	202
718	143
542	333
69	691
33	761
394	892
433	733
201	728
794	526
956	783
754	740
993	620
71	460
588	837
385	338
276	760
675	611
906	203
787	456
541	676
69	972
753	487
453	934
595	780
448	163
826	982
54	934
260	503
242	847
3	729
137	546
822	815
464	268
307	496
204	629
135	336
705	533
539	140
566	697
395	690
455	317
556	888
468	254
790	430
809	798
329	227
989	600
615	798
296	877
356	424
141	492
12	525
840	400
962	467
633	969
922	217
997	812
208	595
891	192
167	522
123	358
879	938
581	973
828	657
472	598
696	168
993	442
517	250
130	160
982	159
785	852
741	489
67	414
476	898
405	519
146	985
946	526
642	232
773	473
501	840
623	1000
62	959
720	930
688	672
261	529
366	373
613	943
122	620
872	376
701	122
644	897
2	523
311	134
282	730
403	219
137	216
482	247
233	983
536	115
746	577
756	480
831	352
34	630
685	216
814	406
632	673
801	146
957	464
17	242
779	676
107	162
945	744
583	938
636	928
972	148
858	793
308	569
904	326
556	909
299	816
969	310
923	756
229	611
690	555
617	758
968	649
940	890
246	465
379	365
131	881
233	952
843	859
186	530
416	582
720	843
226	717
710	868
256	354
989	800
859	118
858	323
613	650
341	907
159	632
487	928
498	108
869	310
966	756
16	204
234	441
837	913
194	394
585	544
162	739
117	884
950	732
110	557
440	960
889	118
823	272
654	620
315	370
151	523
749	153
824	304
609	710
805	197
109	163
10	232
214	212
516	298
587	332
449	877
5	464
508	533
467	773
72	754
41	808
143	214
768	211
143	816
304	220
394	271
991	767
579	442
977	700
877	845
449	119
756	888
430	592
173	347
780	267
536	926
903	712
203	423
138	658
244	702
279	478
103	365
100	559
230	742
379	285
860	311
569	861
756	807
992	112
608	332
466	164
388	880
437	180
655	372
309	147
789	803
379	162
154	512
446	627
791	941
811	776
855	497
32	591
271	354
763	641
646	658
862	153
442	964
133	132
293	683
946	867
190	769
321	589
614	708
396	323
104	602
953	763
893	987
875	569
937	816
506	468
690	145
266	947
619	587
569	299
89	487
388	230
17	446
502	267
155	890
753	696
25	181
860	451
292	457
1000	863
414	207
764	271
44	536
375	574
846	139
53	240
343	267
466	323
390	644
256	589
886	778
927	677
649	487
931	956
14	152
930	956
104	515
116	826
516	138
890	770
547	980
500	235
325	362
960	706
53	706
211	467
626	781
348	331
663	371
77	839
767	805
835	701
495	439
660	208
781	286
160	520
768	797
610	209
360	298
924	378
723	467
625	158
872	774
614	600
925	682
196	460
99	166
92	611
689	920
275	817
351	336
459	983
375	857
12	709
233	1000
653	705
713	361
669	673
201	798
567	701
326	734
607	983
756	730
321	782
853	523
899	171
32	992
744	521
895	995
372	257
721	626
496	885
329	618
272	586
697	461
49	418
658	199
383	203
384	233
550	548
63	571
832	588
190	735
772	869
630	596
896	650
627	712
650	598
596	105
412	820
14	747
930	353
612	924
450	844
684	917
921	636
620	806
495	756
746	821
871	500
564	846
626	304
692	425
927	813
100	580
654	827
570	932
145	418
733	720
592	737
63	149
374	338
672	948
576	181
873	418
973	314
559	726
723	217
399	277
568	650
776	344
510	920
126	907
554	933
156	378
477	744
369	923
916	977
173	192
126	516
209	134
387	740
50	437
378	289
879	557
438	383
957	110
728	718
828	339
763	872
140	620
837	205
507	527
925	952
853	869
517	241
575	861
275	993
378	729
91	250
584	850
474	347
58	517
821	670
480	349
379	266
528	299
539	350
678	297
233	682
838	655
826	520
314	402
391	566
723	783
524	334
649	137
247	593
542	640
986	251
112	515
740	124
436	787
798	490
397	628
499	253
466	414
438	715
255	486
284	236
977	961
930	686
56	573
548	913
838	583
681	547
85	407
402	604
42	318
181	971
829	907
943	434
174	348
694	120
693	702
907	934
655	509
882	454
496	873
908	429
357	807
600	708
642	621
33	377
990	923
109	880
764	442
738	115
806	526
455	854
909	703
985	591
942	448
941	210
50	836
377	273
258	423
315	186
584	523
365	777
75	657
498	276
896	280
186	891
270	883
63	409
849	522
795	769
519	767
47	882
911	467
514	202
1000	703
114	278
658	590
847	792
330	647
793	789
883	694
215	193
607	415
125	794
638	174
588	373
707	321
482	329
208	216
486	624
452	172
402	470
445	227
561	477
378	941
266	712
553	850
44	291
791	153
583	721
823	526
507	311
46	867
62	139
545	383
167	656
317	938
161	840
203	146
114	232
704	823
424	812
537	674
773	734
902	150
475	824
507	571
24	664
355	751
218	203
174	826
702	837
234	124
75	215
884	557
260	381
470	357
697	596
822	817
486	462
889	425
441	682
673	833
259	627
730	626
701	122
599	449
735	182
300	356
10	283
323	182
758	120
514	197
631	873
154	931
551	309
504	713
303	903
306	858
969	822
402	260
910	768
858	485
722	982
884	624
942	543
235	964
107	569
663	630
789	800
871	851
955	167
798	413
750	388
928	960
733	765
861	220
430	736
622	496
824	432
107	953
225	213
584	836
686	152
76	628
216	257
588	476
264	373
999	862
966	822
50	582
994	308
249	824
179	968
549	789
567	549
790	241
619	869
643	752
733	475
674	156
665	769
59	694
466	165
243	693
63	107
650	973
834	321
246	344
794	206
189	391
93	316
45	124
36	228
596	887
591	841
495	840
628	768
75	274
160	288
674	199
170	165
585	332
789	682
147	362
14	232
196	345
426	550
175	373
87	774
401	786
820	571
111	270
910	392
864	761
889	890
226	840
736	405
575	980
338	153
807	870
598	366
160	439
991	967
682	804
11	233
243	554
346	350
948	279
51	119
821	396
318	936
82	137
694	261
832	735
3	897
105	867
325	552
474	633
193	361
228	530
726	241
637	931
265	644
377	431
355	252
622	505
103	382
76	582
5	701
291	806
814	979
659	221
166	553
287	751
122	184
671	491
152	410
383	921
220	594
144	400
586	560
555	748
509	806
796	731
203	943
71	927
216	310
299	606
61	174
605	347
627	877
331	692
581	145
528	450
41	201
881	812
414	314
603	413
924	125
198	591
578	870
543	931
58	518
598	834
293	990
826	577
51	249
601	679
188	152
272	658
718	185
353	362
150	261
898	181
738	363
830	915
793	128
772	669
106	258
533	611
70	313
453	308
95	957
784	390
1000	490
291	828
800	270
383	294
918	872
116	740
703	595
593	745
807	943
22	935
807	625
129	257
868	860
63	375
339	174
730	288
108	288
268	429
182	110
429	234
657	409
76	201
36	875
710	100
312	748
22	545
514	458
767	271
673	686
937	445
393	336
398	588
412	921
229	365
444	950
789	568
477	118
738	911
369	554
8	836
679	310
826	428
546	598
658	136
808	290
907	858
411	753
96	529
287	532
173	949
227	937
626	588
28	466
747	997
248	508
367	656
427	218
626	652
817	398
52	960
612	122
356	182
885	248
81	785
666	771
238	254
421	272
304	839
833	596
829	286
613	422
572	832
431	350
103	973
458	826
184	723
756	633
683	473
593	611
452	304
118	146
118	994
747	861
24	903
471	910
396	898
717	641
361	766
870	125
663	103
298	325
618	770
509	567
766	345
885	221
972	887
725	767
696	266
67	571
723	934
367	671
39	355
691	404
126	565
498	674
852	828
391	165
890	424
480	546
660	942
203	925
696	892
219	439
655	773
828	808
65	822
187	650
797	809
822	247
820	554
851	458
215	412
506	345
879	176
958	796
647	431
401	375
799	121
85	290
675	189
650	586
357	180
139	103
238	266
830	208
885	834
730	323
624	162
318	787
775	185
351	779
173	101
674	111
81	687
57	839
539	702
854	925
301	999
4	812
718	151
605	372
626	442
881	687
676	287
64	595
739	950
195	419
688	420
998	109
174	167
12	746
419	514
653	642
372	341
918	872
398	449
621	693
591	320
543	673
528	239
807	319
400	210
469	575
577	822
909	578
662	851
66	938
317	959
179	152
828	361
808	412
897	311
795	980
653	672
792	908
865	898
490	508
954	861
494	587
579	393
36	351
443	442
820	702
956	268
305	353
322	988
333	539
724	368
650	365
959	284
533	690
362	188
378	503
534	877
799	117
193	508
33	464
130	462
502	823
409	635
126	709
997	576
322	364
637	761
169	893
550	759
159	506
441	701
755	438
442	966
403	222
461	151
734	545
629	532
754	889
681	279
536	775
507	696
927	719
50	216
322	154
876	336
635	746
647	191
430	203
621	342
250	509
869	954
247	707
178	949
455	402
698	804
745	509
939	485
617	342
667	580
522	214
218	242
944	798
493	201
669	912
567	414
33	300
506	909
759	960
423	661
849	939
397	345
422	449
591	870
371	336
947	922
309	678
566	940
8	387
419	344
704	377
945	903
425	429
906	394
847	977
227	993
850	835
78	699
610	346
554	415
659	684
445	269
460	220
59	746
144	329
771	515
582	906
50	875
232	560
837	755
141	728
966	255
465	928
874	334
201	549
1	681
320	276
165	933
662	623
475	998
420	237
593	469
389	428
351	751
605	998
675	225
646	933
253	215
26	507
444	172
825	311
838	643
607	659
154	834
894	897
940	842
623	797
263	113
437	354
319	753
919	781
239	241
915	354
42	398
29	534
979	929
221	222
434	222
517	183
784	363
149	787
454	977
41	847
829	931
742	318
307	470
847	956
858	458
477	580
355	383
265	291
543	338
806	296
399	600
79	730
439	825
463	845
540	158
968	651
706	457
565	208
82	569
651	805
989	608
748	989
869	312
23	901
319	391
442	249
541	720
475	252
961	418
483	448
767	224
746	363
335	324
236	668
499	894
554	314
417	584
976	708
466	498
793	440
265	569
394	278
624	791
327	976
614	386
982	191
674	100
112	617
155	539
932	695
414	129
221	933
641	220
576	875
369	293
84	746
638	178
164	762
206	1000
120	659
205	463
235	622
457	179
449	761
703	427
326	819
666	246
758	726
371	355
109	955
959	662
900	828
433	497
564	911
210	664
284	570
253	976
203	141
298	271
236	230
386	177
359	342
541	753
613	170
540	481
882	140
97	722
692	403
107	973
115	906
581	395
991	919
215	276
579	996
877	723
822	590
142	659
466	720
253	218
973	823
133	192
94	733
242	861
100	715
931	514
697	391
820	520
566	897
636	638
441	354
493	152
646	535
727	514
286	121
786	392
850	428
69	578
682	680
135	719
34	556
293	268
339	424
143	695
1	275
105	194
547	423
832	627
792	108
386	306
927	861
819	232
91	753
746	583
495	315
899	612
37	349
831	329
504	684
112	927
596	784
475	538
34	397
617	820
5	522
815	990
695	773
961	211
236	360
667	921
357	525
414	103
856	316
225	284
970	335
38	897
901	888
781	538
24	110
973	159
49	294
163	268
335	224
663	959
918	654
423	875
626	438
49	490
256	884
662	925
206	811
834	333
592	115
72	707
826	150
55	665
540	586
154	331
267	784
414	436
331	317
923	385
946	646
311	785
516	924
690	243
994	411
415	973
771	304
625	446
733	935
225	713
407	895
681	863
738	763
384	468
436	608
147	156
45	536
501	548
527	739
562	826
958	434
844	151
418	243
366	666
137	664
261	880
223	356
464	449
236	157
570	397
529	374
587	525
438	256
913	198
188	627
481	453
925	589
538	707
777	703
551	667
486	850
457	390
724	790
248	827
984	156
407	960
391	130
653	899
58	392
601	508
559	649
115	253
672	226
633	886
895	675
522	630
114	578
821	486
558	818
945	753
252	862
44	175
197	478
242	595
641	965
582	974
917	585
153	589
404	215
756	971
940	211
67	893
911	963
646	813
684	388
822	360
520	460
917	397
568	858
486	929
811	458
943	423
837	269
696	382
695	505
567	935
158	963
612	552
204	903
965	874
913	479
460	859
615	957
40	153
488	492
249	913
824	903
933	612
887	967
756	236
597	371
32	964
885	122
66	271
919	175
615	998
1000	432
205	581
498	988
963	317
754	683
693	706
942	766
872	828
561	426
260	538
19	106
58	558
749	105
505	328
88	893
886	848
661	513
981	420
789	907
257	114
57	662
118	446
52	402
547	294
517	923
218	554
143	562
971	867
33	163
838	595
552	185
722	191
512	724
923	973
514	230
176	164
503	785
310	755
366	447
114	438
878	177
696	436
182	380
176	977
56	409
80	332
199	446
245	215
770	239
855	479
155	318
318	385
415	921
649	277
199	890
355	671
620	967
547	312
544	862
143	550
448	670
856	780
55	375
527	602
516	546
129	716
866	176
885	752
728	260
435	116
151	342
696	694
89	885
583	974
956	357
506	260
664	778
331	843
643	963
596	273
815	475
625	439
987	512
507	808
511	999
940	964
215	466
552	444
98	912
158	641
349	984
969	877
27	285
560	645
391	189
982	261
370	182
330	423
784	618
57	442
367	641
949	196
305	777
863	208
204	842
597	855
149	381
401	440
333	214
414	245
714	193
432	252
991	397
164	182
508	557
695	496
944	675
490	696
434	317
981	407
536	337
743	281
338	214
63	809
378	533
571	695
970	475
560	502
195	838
917	793
359	342
972	931
432	924
420	325
113	206
15	263
617	873
526	182
273	141
624	340
374	715
606	455
388	302
742	311
477	210
379	455
647	185
287	731
947	881
532	656
564	861
494	447
490	930
441	309
274	829
229	220
36	181
371	955
671	135
998	931
344	803
839	232
354	930
265	732
594	968
71	261
291	376
681	827
730	925
156	377
710	439
66	455
238	657
10	977
615	378
659	419
133	228
242	733
107	738
370	176
301	619
842	829
338	551
13	726
937	752
772	330
861	790
582	660
790	141
966	643
357	761
119	200
998	996
680	670
455	652
123	918
550	233
49	672
917	446
3	285
341	392
819	517
3	508
435	988
57	511
39	134